p cnf 3743 5206                                   
-2 -5 0
-6 -7 0
-8 -9 0
-12 -13 0
-15 -19 0
-17 -24 0
-22 -23 0
-25 -26 0
-28 -31 0
-28 -37 0
-29 -32 0
-30 -34 0
-31 -37 0
-35 -36 0
-38 -44 0
-41 -47 0
-49 -54 0
-52 -56 0
-57 -62 0
-59 -60 0
-63 -64 0
-68 -71 0
-70 -74 0
-72 -75 0
-76 -81 0
-77 -78 0
-85 -87 0
-89 -95 0
-90 -92 0
-96 -97 0
-103 -104 0
-108 -112 0
-109 -111 0
-113 -122 0
-114 -115 0
-116 -118 0
-119 -120 0
-121 -123 0
-127 -133 0
-129 -137 0
-132 -138 0
-135 -136 0
-139 -146 0
-144 -145 0
-148 -151 0
-149 -150 0
-152 -154 0
-155 -156 0
-158 -159 0
-160 -163 0
-160 -164 0
-161 -162 0
-163 -164 0
-165 -169 0
-166 -170 0
-168 -171 0
-173 -177 0
-175 -178 0
-181 -185 0
-182 -183 0
-186 -190 0
-187 -193 0
-188 -192 0
-189 -191 0
-195 -197 0
-196 -200 0
-202 -205 0
-204 -207 0
-206 -208 0
-209 -211 0
-212 -213 0
-216 -217 0
-220 -224 0
-221 -222 0
-223 -225 0
-226 -229 0
-227 -230 0
-228 -231 0
-235 -241 0
-239 -244 0
-242 -243 0
-245 -248 0
-249 -250 0
-251 -255 0
-252 -254 0
-253 -257 0
-259 -261 0
-262 -265 0
-268 -274 0
-269 -279 0
-270 -271 0
-272 -278 0
-273 -276 0
-275 -277 0
-280 -281 0
-283 -287 0
-284 -288 0
-285 -289 0
-290 -294 0
-291 -300 0
-295 -301 0
-298 -302 0
-303 -309 0
-304 -305 0
-306 -308 0
-313 -316 0
-313 -323 0
-314 -315 0
-316 -323 0
-324 -325 0
-326 -332 0
-327 -329 0
-328 -330 0
-335 -337 0
-335 -342 0
-336 -341 0
-337 -342 0
-343 -349 0
-344 -350 0
-344 -351 0
-345 -346 0
-347 -352 0
-350 -351 0
-355 -360 0
-357 -359 0
-363 -364 0
-365 -366 0
-367 -370 0
-368 -371 0
-373 -378 0
-374 -377 0
-375 -376 0
-381 -384 0
-383 -387 0
-389 -392 0
-390 -396 0
-397 -399 0
-398 -400 0
-401 -403 0
-404 -405 0
-406 -410 0
-1 -290 0
-27 -219 0
-172 -179 0
-235 -354 0
-7 -140 0
-28 -49 0
-28 -67 0
-28 -113 0
-49 -67 0
-49 -113 0
-67 -113 0
-89 -334 0
-147 -209 0
-187 -258 0
-236 -367 0
-38 -215 0
-58 -202 0
-126 -280 0
-15 -312 0
-39 -269 0
-90 -404 0
-194 -251 0
-3 -259 0
-50 -115 0
-313 -326 0
-16 -195 0
-104 -180 0
-173 -203 0
-128 -157 0
-188 -369 0
-141 -148 0
-260 -291 0
-282 -388 0
-40 -228 0
-166 -292 0
-98 -356 0
-107 -196 0
-107 -411 0
-196 -411 0
-31 -91 0
-77 -293 0
-99 -237 0
-246 -379 0
-85 -380 0
-273 -372 0
-108 -317 0
-216 -358 0
-18 -263 0
-60 -69 0
-79 -100 0
-9 -391 0
-86 -105 0
-109 -247 0
-80 -130 0
-92 -405 0
-117 -344 0
-318 -382 0
-51 -210 0
-70 -118 0
-142 -248 0
-319 -327 0
-10 -283 0
-41 -131 0
-110 -222 0
-238 -305 0
-42 -392 0
-174 -359 0
-198 -328 0
-150 -393 0
-229 -264 0
-81 -93 0
-254 -406 0
-4 -53 0
-19 -412 0
-43 -133 0
-199 -295 0
-120 -320 0
-61 -407 0
-94 -230 0
-159 -296 0
-240 -306 0
-266 -375 0
-20 -346 0
-33 -160 0
-143 -167 0
-182 -361 0
-255 -307 0
-285 -297 0
-286 -362 0
-298 -394 0
-256 -400 0
-11 -338 0
-21 -34 0
-212 -299 0
-321 -408 0
-152 -300 0
-152 -339 0
-300 -339 0
-347 -385 0
-162 -395 0
-176 -348 0
-134 -192 0
-322 -363 0
-13 -153 0
-82 -163 0
-83 -168 0
-184 -402 0
-242 -409 0
-288 -340 0
-45 -329 0
-64 -201 0
-25 -331 0
-46 -65 0
-46 -145 0
-65 -145 0
-169 -244 0
-232 -377 0
-106 -323 0
-123 -310 0
-207 -386 0
-225 -233 0
-14 -396 0
-66 -138 0
-73 -250 0
-101 -155 0
-124 -341 0
-48 -353 0
-55 -403 0
-74 -84 0
-125 -208 0
-125 -257 0
-208 -257 0
-311 -387 0
-88 -234 0
-213 -267 0
-56 -333 0
-102 -278 0
-146 -413 0
-185 -218 0
-214 -366 0
6 1 0
7 6 0
8 2 0
8 7 0
13 12 0
21 11 0
28 27 0
29 15 0
33 20 0
34 21 0
36 26 0
37 36 0
39 29 0
39 38 0
42 41 0
47 35 0
48 47 0
52 41 0
52 51 0
53 43 0
55 48 0
60 59 0
64 63 0
65 64 0
69 60 0
73 66 0
74 73 0
77 68 0
77 76 0
78 77 0
79 69 0
83 82 0
84 74 0
85 78 0
97 96 0
98 97 0
99 91 0
99 98 0
102 95 0
104 103 0
109 105 0
114 113 0
118 117 0
122 111 0
124 123 0
125 124 0
126 114 0
128 127 0
130 117 0
132 131 0
133 119 0
135 134 0
137 123 0
138 124 0
138 137 0
140 139 0
147 140 0
148 141 0
149 142 0
159 151 0
160 159 0
163 153 0
167 160 0
172 165 0
177 168 0
179 172 0
180 173 0
181 175 0
186 179 0
187 186 0
192 191 0
196 189 0
197 196 0
203 195 0
212 211 0
214 213 0
218 214 0
220 215 0
221 220 0
229 223 0
233 225 0
233 232 0
236 226 0
236 235 0
239 238 0
240 230 0
242 241 0
244 232 0
245 236 0
246 237 0
249 241 0
252 247 0
253 248 0
262 261 0
265 254 0
265 264 0
268 258 0
270 259 0
270 269 0
271 261 0
272 262 0
272 271 0
273 272 0
275 263 0
275 274 0
276 265 0
277 266 0
279 278 0
281 270 0
284 277 0
285 284 0
286 285 0
289 279 0
291 282 0
292 291 0
294 283 0
296 284 0
297 285 0
297 296 0
298 286 0
298 297 0
300 287 0
300 299 0
305 294 0
306 296 0
307 297 0
307 306 0
308 300 0
313 312 0
314 304 0
315 314 0
316 315 0
317 316 0
319 318 0
323 310 0
324 323 0
326 313 0
327 319 0
330 329 0
331 330 0
332 324 0
333 325 0
335 334 0
336 335 0
339 338 0
341 332 0
342 333 0
347 339 0
348 347 0
349 348 0
350 349 0
351 340 0
358 357 0
360 345 0
361 346 0
362 361 0
363 349 0
364 351 0
366 365 0
371 370 0
372 357 0
374 360 0
376 364 0
380 372 0
380 379 0
382 381 0
389 388 0
390 379 0
391 381 0
393 383 0
393 392 0
398 392 0
405 397 0
409 402 0
413 410 0
514 578 0
632 692 0
980 1055 0
1244 1315 0
1458 1515 0
1492 1544 0
2461 2518 0
3371 3479 0
3665 3733 0
1 7 416 0
2 7 419 0
10 423 0
10 426 0
4 428 0
12 431 0
13 435 0
5 14 438 0
8 15 448 487 0
16 450 489 0
18 453 503 0
9 461 511 0
9 18 460 504 0
19 470 518 0
20 472 520 0
12 22 476 524 0
13 23 480 528 0
14 483 541 0
30 492 563 0
17 31 494 565 0
514 578 0
22 526 593 0
24 532 595 0
25 537 596 0
35 543 602 0
26 37 547 612 0
28 38 551 614 0
29 38 558 615 0
31 567 630 0
41 580 643 0
32 42 583 646 0
33 44 587 651 0
46 599 662 0
45 598 657 0
35 48 605 675 0
36 48 611 676 0
38 49 617 680 0
39 50 623 685 0
50 626 686 0
40 628 688 0
632 692 0
41 51 645 707 0
42 649 714 0
42 52 648 710 0
44 54 653 719 0
47 55 666 724 0
49 58 683 748 0
49 57 741 0
59 694 755 0
60 701 762 0
54 61 721 766 0
62 723 768 0
55 728 783 0
55 66 727 776 0
56 735 784 0
57 67 744 0
58 67 751 794 0
59 69 759 820 0
59 758 810 0
63 72 771 843 0
66 74 780 862 0
75 788 870 0
74 787 863 0
68 78 805 900 0
68 76 804 878 0
78 815 901 0
70 80 829 917 0
71 81 839 929 0
72 83 845 937 0
73 84 847 943 0
77 85 887 961 0
79 86 911 986 0
79 910 974 0
80 86 923 987 0
81 932 1002 0
81 931 997 0
82 935 1008 0
87 940 1010 0
84 88 945 1015 0
90 958 1031 0
89 957 1027 0
85 968 1054 0
85 91 967 1042 0
980 1055 0
86 92 993 1068 0
93 1000 1076 0
93 1005 1077 0
94 1007 1079 0
87 1013 1086 0
87 1012 1082 0
88 95 1018 1104 0
88 1017 1091 0
89 1030 1116 0
90 1034 1117 0
96 1036 1119 0
91 98 1048 1130 0
92 1073 1160 0
101 1094 1166 0
96 1121 1188 0
99 1137 1190 0
100 105 1147 1207 0
100 1146 1199 0
101 1170 1240 0
101 106 1169 1227 0
103 1178 1252 0
108 1195 1264 0
108 1203 1265 0
110 1215 1272 0
111 1221 1293 0
106 112 1230 1301 0
1244 1315 0
113 1249 0
115 1255 1335 0
114 1254 1326 0
108 116 1268 1352 0
109 117 1271 1355 0
110 118 1274 1358 0
119 1280 1363 0
119 1283 1364 0
120 1285 1366 0
121 1292 1373 0
112 123 1305 1384 0
125 1319 1400 0
113 126 1323 1405 0
115 127 1338 1411 0
129 1345 1421 0
128 1344 1417 0
116 1354 1431 0
118 131 1361 1441 0
118 130 1360 1435 0
120 1369 1454 0
123 138 1388 1476 0
124 137 1390 1464 0
125 138 1403 1477 0
126 140 1407 1484 0
127 1413 1490 0
128 141 1420 1496 0
129 141 1424 1497 0
130 142 1438 1502 0
131 142 1444 1503 0
133 1451 1514 0
133 1450 1507 0
1458 1515 0
136 144 1463 1525 0
139 147 1480 0
1492 1544 0
150 1511 1563 0
143 1521 1572 0
143 151 1520 1566 0
145 154 1528 1590 0
146 156 1533 1600 0
147 1538 1605 0
157 1547 1613 0
148 157 1556 1614 0
149 1558 1617 0
151 160 1569 1624 0
161 1576 1631 0
160 1575 1625 0
152 162 1579 1635 0
154 1593 1669 0
155 1598 1670 0
156 1602 1674 0
159 167 1620 1681 0
161 1634 1689 0
162 1639 1692 0
163 168 1651 1704 0
163 1650 1693 0
164 1663 1716 0
164 168 1662 1705 0
169 1672 1727 0
171 1734 0
174 1680 1738 0
167 1683 1742 0
176 1698 1749 0
178 1721 1774 0
170 1730 1779 0
182 1744 1828 0
176 183 1754 1837 0
177 184 1758 1853 0
177 1757 1841 0
185 1781 1866 0
179 187 1783 0
180 188 1787 1886 0
180 1786 1871 0
188 1802 1887 0
189 1815 1901 0
181 1820 1913 0
183 191 1840 1930 0
192 1844 1933 0
184 193 1857 1946 0
195 1876 1973 0
194 1875 1958 0
188 1892 1989 0
188 195 1891 1974 0
189 197 1903 2003 0
190 198 1908 2007 0
198 1916 2008 0
193 201 1950 2039 0
193 200 1949 2027 0
194 202 1964 2082 0
204 1995 2101 0
197 2005 2112 0
198 2012 2133 0
198 2011 2125 0
205 2017 2138 0
205 2021 2139 0
201 206 2043 2150 0
207 2056 2163 0
206 2055 2151 0
208 2060 2168 0
209 2073 0
202 2089 2195 0
202 209 2088 2180 0
203 2094 2202 0
210 2121 2208 0
210 2129 2209 0
205 211 2141 2214 0
212 2143 2216 0
206 2155 2238 0
206 2154 2226 0
207 2167 2239 0
208 213 2170 2243 0
209 215 2184 2257 0
215 2199 2258 0
213 218 2245 2270 0
215 221 2260 2298 0
216 2263 2313 0
217 2265 2315 0
223 2267 2318 0
219 226 2274 0
220 226 2281 2330 0
221 2300 2349 0
228 2304 2357 0
227 2303 2351 0
228 2310 2358 0
232 2323 2373 0
225 232 2326 2374 0
234 2328 2378 0
226 235 2382 0
227 2356 2396 0
227 2355 2390 0
228 2362 2397 0
229 239 2364 2409 0
231 241 2368 2415 0
231 2367 2412 0
243 2371 2422 0
242 2370 2418 0
233 244 2377 2426 0
235 245 2384 0
248 2404 2440 0
247 2403 2436 0
238 248 2408 2441 0
242 249 2421 2445 0
245 2470 0
250 257 2451 2508 0
250 2450 2499 0
2461 2518 0
257 2460 2509 0
258 2472 0
251 259 2474 2533 0
252 263 2482 2556 0
254 264 2488 2563 0
266 2494 2569 0
255 266 2497 2570 0
257 267 2513 2575 0
267 2522 2576 0
259 269 2536 2588 0
261 272 2541 2601 0
262 273 2547 2604 0
262 271 2546 2595 0
274 2555 2612 0
273 2554 2605 0
263 274 2562 2613 0
264 276 2566 2624 0
264 2565 2619 0
267 278 2579 2670 0
267 2578 2661 0
268 280 2585 2677 0
269 281 2592 2684 0
269 280 2591 2678 0
283 2622 2694 0
277 285 2629 2704 0
286 2646 2720 0
288 2652 2743 0
278 289 2755 0
282 292 2688 2761 0
284 297 2700 2790 0
285 298 2708 2797 0
285 296 2707 2774 0
286 297 2723 2791 0
287 299 2732 2814 0
288 2746 2835 0
288 301 2745 2830 0
290 303 2758 0
291 2760 2851 0
292 304 2764 2854 0
293 304 2769 2855 0
296 307 2779 2880 0
297 306 2794 2873 0
298 2803 2897 0
298 307 2802 2881 0
299 308 2820 2914 0
299 2819 2898 0
309 2838 2928 0
302 311 2842 2935 0
302 310 2841 2930 0
311 2847 2936 0
304 315 2857 2948 0
318 2859 2952 0
305 319 2862 2955 0
320 2869 2961 0
306 320 2876 2962 0
321 2902 2971 0
308 321 2918 2972 0
310 324 2934 3006 0
311 324 2939 3007 0
312 326 2941 3012 0
318 327 2954 3016 0
321 2974 3030 0
322 2981 3037 0
329 3000 3056 0
323 332 3003 3063 0
334 3011 0
326 336 3014 3070 0
328 3019 3074 0
338 3032 3088 0
339 3039 3095 0
329 340 3058 3114 0
331 3061 3116 0
344 3073 3133 0
345 3076 3139 0
338 347 3092 3184 0
338 3091 3168 0
339 348 3097 3191 0
352 3118 3230 0
341 353 3120 3232 0
355 3125 3240 0
343 355 3130 3241 0
359 3136 3252 0
346 362 3156 3270 0
362 3172 3271 0
348 363 3194 3277 0
350 363 3214 3278 0
353 365 3234 3305 0
354 367 3236 0
368 3238 3310 0
355 370 3244 3320 0
355 369 3243 3315 0
356 371 3246 3323 0
358 3250 3329 0
358 372 3249 3325 0
359 373 3254 3334 0
361 375 3257 3339 0
363 3281 3365 0
363 3280 3346 0
378 3296 3408 0
377 3295 3398 0
368 3312 3419 0
372 379 3328 3422 0
374 383 3337 3431 0
385 3351 3459 0
3371 3479 0
376 3391 3499 0
376 3390 3480 0
377 386 3401 3511 0
378 387 3412 3522 0
378 386 3411 3512 0
380 390 3426 3532 0
382 391 3429 3534 0
383 392 3433 3538 0
384 394 3447 3555 0
385 395 3467 3575 0
386 396 3515 3587 0
387 3526 3598 0
387 396 3525 3588 0
391 397 3536 3607 0
393 398 3541 3609 0
399 3543 3611 0
394 400 3561 3630 0
395 401 3581 3650 0
396 403 3592 3671 0
396 3591 3661 0
403 3602 3672 0
404 3605 3676 0
399 406 3613 3682 0
407 3616 3685 0
400 408 3634 3702 0
401 3654 3722 0
401 408 3653 3703 0
3665 3733 0
403 3675 3734 0
411 3737 0
406 412 3741 0
-419 -416 0
-511 -504 0
-426 -423 0
-518 -428 0
-524 -431 0
-528 -435 0
-541 -438 0
-460 -453 0
-578 -461 0
-593 -476 0
-602 -483 0
-630 -494 0
-643 -514 0
-662 -657 0
-662 -537 0
-662 -532 0
-657 -532 0
-657 -537 0
-537 -532 0
-675 -543 0
-680 -551 0
-680 -558 0
-558 -551 0
-692 -567 0
-707 -580 0
-714 -710 0
-714 -583 0
-710 -583 0
-719 -587 0
-611 -605 0
-748 -741 0
-748 -617 0
-741 -617 0
-626 -623 0
-755 -632 0
-766 -653 0
-783 -776 0
-783 -666 0
-776 -666 0
-793 -682 0
-794 -683 0
-820 -810 0
-820 -694 0
-810 -694 0
-862 -727 0
-870 -863 0
-870 -735 0
-870 -728 0
-863 -728 0
-863 -735 0
-735 -728 0
-751 -744 0
-900 -878 0
-901 -758 0
-937 -771 0
-787 -780 0
-815 -805 0
-986 -974 0
-987 -829 0
-1002 -997 0
-1002 -839 0
-997 -839 0
-1015 -847 0
-1031 -1027 0
-1054 -1042 0
-1054 -887 0
-1042 -887 0
-1055 -910 0
-1068 -923 0
-1068 -911 0
-923 -911 0
-1076 -931 0
-1077 -932 0
-1086 -1082 0
-1086 -940 0
-1082 -940 0
-1104 -1091 0
-1104 -945 0
-1091 -945 0
-1116 -957 0
-1117 -958 0
-1130 -967 0
-980 -968 0
-1160 -993 0
-1005 -1000 0
-1166 -1017 0
-1034 -1030 0
-1188 -1036 0
-1207 -1199 0
-1240 -1227 0
-1240 -1094 0
-1227 -1094 0
-1264 -1137 0
-1265 -1146 0
-1301 -1169 0
-1315 -1170 0
-1335 -1326 0
-1335 -1178 0
-1326 -1178 0
-1352 -1195 0
-1352 -1203 0
-1203 -1195 0
-1358 -1215 0
-1384 -1230 0
-1400 -1244 0
-1405 -1249 0
-1411 -1255 0
-1421 -1417 0
-1431 -1268 0
-1441 -1435 0
-1441 -1274 0
-1435 -1274 0
-1283 -1280 0
-1454 -1285 0
-1476 -1305 0
-1477 -1319 0
-1484 -1323 0
-1490 -1338 0
-1496 -1344 0
-1497 -1345 0
-1502 -1360 0
-1503 -1361 0
-1514 -1507 0
-1515 -1369 0
-1403 -1388 0
-1544 -1413 0
-1424 -1420 0
-1444 -1438 0
-1563 -1450 0
-1458 -1451 0
-1572 -1566 0
-1605 -1480 0
-1613 -1492 0
-1624 -1520 0
-1631 -1625 0
-1631 -1521 0
-1625 -1521 0
-1669 -1528 0
-1674 -1533 0
-1556 -1547 0
-1575 -1569 0
-1689 -1576 0
-1692 -1579 0
-1704 -1693 0
-1716 -1705 0
-1727 -1593 0
-1727 -1598 0
-1598 -1593 0
-1734 -1602 0
-1742 -1620 0
-1749 -1639 0
-1749 -1650 0
-1650 -1639 0
-1662 -1651 0
-1774 -1663 0
-1828 -1683 0
-1837 -1698 0
-1853 -1841 0
-1866 -1730 0
-1886 -1871 0
-1930 -1754 0
-1933 -1757 0
-1946 -1758 0
-1973 -1958 0
-1973 -1786 0
-1958 -1786 0
-1989 -1974 0
-1989 -1802 0
-1989 -1787 0
-1974 -1787 0
-1974 -1802 0
-1802 -1787 0
-2003 -1815 0
-2008 -1820 0
-2039 -2027 0
-2039 -1857 0
-2027 -1857 0
-2082 -1875 0
-1891 -1876 0
-2101 -1892 0
-2112 -1903 0
-2133 -2125 0
-2133 -1916 0
-2133 -1908 0
-2125 -1908 0
-2125 -1916 0
-1916 -1908 0
-2150 -1950 0
-2163 -2151 0
-2195 -2180 0
-2195 -1964 0
-2180 -1964 0
-2209 -2011 0
-2214 -2021 0
-2214 -2017 0
-2021 -2017 0
-2238 -2226 0
-2238 -2055 0
-2238 -2043 0
-2226 -2043 0
-2226 -2055 0
-2055 -2043 0
-2239 -2056 0
-2243 -2060 0
-2257 -2088 0
-2257 -2073 0
-2088 -2073 0
-2258 -2089 0
-2129 -2121 0
-2167 -2155 0
-2270 -2170 0
-2298 -2199 0
-2298 -2184 0
-2199 -2184 0
-2349 -2260 0
-2357 -2351 0
-2382 -2274 0
-2382 -2281 0
-2281 -2274 0
-2396 -2390 0
-2396 -2303 0
-2390 -2303 0
-2397 -2304 0
-2397 -2310 0
-2310 -2304 0
-2415 -2412 0
-2422 -2418 0
-2326 -2323 0
-2431 -2332 0
-2362 -2356 0
-2440 -2436 0
-2445 -2370 0
-2470 -2384 0
-2408 -2404 0
-2508 -2499 0
-2518 -2509 0
-2531 -2433 0
-2575 -2460 0
-2575 -2451 0
-2460 -2451 0
-2576 -2461 0
-2588 -2474 0
-2604 -2595 0
-2612 -2605 0
-2613 -2482 0
-2624 -2619 0
-2624 -2488 0
-2619 -2488 0
-2497 -2494 0
-2670 -2661 0
-2670 -2522 0
-2670 -2513 0
-2661 -2513 0
-2661 -2522 0
-2522 -2513 0
-2684 -2678 0
-2684 -2536 0
-2678 -2536 0
-2554 -2547 0
-2562 -2555 0
-2694 -2565 0
-2755 -2579 0
-2591 -2585 0
-2797 -2774 0
-2797 -2629 0
-2774 -2629 0
-2791 -2646 0
-2835 -2830 0
-2835 -2652 0
-2830 -2652 0
-2854 -2688 0
-2880 -2707 0
-2873 -2700 0
-2873 -2723 0
-2723 -2700 0
-2897 -2881 0
-2897 -2708 0
-2881 -2708 0
-2914 -2898 0
-2914 -2732 0
-2898 -2732 0
-2928 -2746 0
-2935 -2930 0
-2948 -2769 0
-2948 -2764 0
-2769 -2764 0
-2962 -2794 0
-2802 -2779 0
-2971 -2819 0
-2971 -2803 0
-2819 -2803 0
-2972 -2820 0
-3006 -2841 0
-3007 -2842 0
-3007 -2847 0
-2847 -2842 0
-3016 -2859 0
-2876 -2869 0
-3030 -2902 0
-3030 -2918 0
-2918 -2902 0
-2939 -2934 0
-3070 -2941 0
-3088 -2974 0
-3095 -2981 0
-3114 -3000 0
-3139 -3019 0
-3184 -3168 0
-3184 -3032 0
-3168 -3032 0
-3191 -3039 0
-3230 -3061 0
-3271 -3091 0
-3277 -3097 0
-3305 -3120 0
-3320 -3315 0
-3320 -3130 0
-3320 -3125 0
-3315 -3125 0
-3315 -3130 0
-3130 -3125 0
-3329 -3325 0
-3334 -3136 0
-3172 -3156 0
-3365 -3346 0
-3365 -3214 0
-3365 -3194 0
-3346 -3194 0
-3346 -3214 0
-3214 -3194 0
-3408 -3398 0
-3419 -3238 0
-3422 -3249 0
-3459 -3280 0
-3479 -3281 0
-3499 -3480 0
-3511 -3295 0
-3522 -3512 0
-3522 -3296 0
-3512 -3296 0
-3538 -3337 0
-3575 -3351 0
-3390 -3371 0
-3587 -3411 0
-3587 -3401 0
-3411 -3401 0
-3598 -3588 0
-3598 -3412 0
-3588 -3412 0
-3607 -3429 0
-3630 -3447 0
-3650 -3467 0
-3671 -3661 0
-3671 -3525 0
-3671 -3515 0
-3661 -3515 0
-3661 -3525 0
-3525 -3515 0
-3672 -3526 0
-3682 -3543 0
-3702 -3561 0
-3722 -3703 0
-3722 -3581 0
-3703 -3581 0
-3733 -3591 0
-3734 -3592 0
-3734 -3602 0
-3602 -3592 0
-3741 -3613 0
-3653 -3634 0
-3675 -3665 0
-415 -419 416 0
-417 -416 419 0
-419 -444 417 0
-422 -426 423 0
-424 -423 426 0
-426 -465 424 0
-429 -518 428 0
-432 -526 433 0
-432 -524 431 0
-433 -593 432 0
-436 -528 435 0
-439 -543 440 0
-439 -541 438 0
-440 -605 442 0
-440 -602 439 0
-441 -611 442 0
-442 -676 441 0
-442 -675 440 0
-452 -461 454 0
-452 -460 453 0
-454 -514 455 0
-454 -511 452 0
-455 -580 456 0
-455 -578 454 0
-456 -645 457 0
-456 -643 455 0
-457 -707 456 0
-458 -453 460 0
-460 -503 458 0
-462 -580 463 0
-462 -578 461 0
-463 -645 464 0
-463 -643 462 0
-464 -707 463 0
-477 -593 476 0
-484 -605 486 0
-484 -602 483 0
-485 -611 486 0
-486 -676 485 0
-486 -675 484 0
-495 -632 496 0
-495 -630 494 0
-496 -694 497 0
-496 -692 495 0
-497 -759 500 0
-497 -758 499 0
-497 -755 496 0
-498 -805 502 0
-498 -804 501 0
-499 -815 502 0
-499 -810 497 0
-500 -820 497 0
-501 -878 498 0
-502 -901 499 0
-502 -900 498 0
-506 -514 507 0
-506 -511 504 0
-507 -580 508 0
-507 -578 506 0
-508 -645 509 0
-508 -643 507 0
-509 -707 508 0
-510 -453 512 0
-511 -460 512 0
-512 -504 511 0
-512 -503 510 0
-515 -645 516 0
-515 -643 514 0
-516 -707 515 0
-517 -428 518 0
-518 -468 517 0
-523 -431 524 0
-524 -474 523 0
-527 -435 528 0
-528 -478 527 0
-531 -537 532 0
-533 -657 532 0
-534 -662 532 0
-535 -532 537 0
-537 -595 535 0
-538 -657 537 0
-539 -662 537 0
-540 -438 541 0
-541 -481 540 0
-544 -611 545 0
-545 -676 544 0
-545 -675 543 0
-550 -558 551 0
-552 -683 554 0
-552 -682 553 0
-552 -680 551 0
-553 -744 555 0
-553 -741 552 0
-554 -751 555 0
-554 -748 552 0
-555 -794 554 0
-555 -793 553 0
-556 -551 558 0
-558 -614 556 0
-559 -683 561 0
-559 -682 560 0
-559 -680 558 0
-560 -744 562 0
-560 -741 559 0
-561 -751 562 0
-561 -748 559 0
-562 -794 561 0
-562 -793 560 0
-568 -694 569 0
-568 -692 567 0
-569 -759 572 0
-569 -758 571 0
-569 -755 568 0
-570 -805 574 0
-570 -804 573 0
-571 -815 574 0
-571 -810 569 0
-572 -820 569 0
-573 -878 570 0
-574 -901 571 0
-574 -900 570 0
-575 -453 577 0
-576 -461 578 0
-576 -460 577 0
-577 -504 576 0
-577 -503 575 0
-578 -511 576 0
-581 -707 580 0
-584 -710 583 0
-585 -714 583 0
-588 -721 589 0
-588 -719 587 0
-589 -766 588 0
-591 -431 592 0
-592 -476 593 0
-592 -474 591 0
-593 -524 592 0
-600 -438 601 0
-601 -483 602 0
-601 -481 600 0
-602 -541 601 0
-604 -611 605 0
-606 -438 607 0
-607 -483 608 0
-607 -481 606 0
-608 -543 609 0
-608 -541 607 0
-609 -605 611 0
-609 -602 608 0
-611 -675 609 0
-618 -744 620 0
-618 -741 617 0
-619 -751 620 0
-619 -748 617 0
-620 -794 619 0
-620 -793 618 0
-622 -626 623 0
-624 -623 626 0
-626 -685 624 0
-629 -494 630 0
-630 -565 629 0
-633 -759 636 0
-633 -758 635 0
-633 -755 632 0
-634 -805 638 0
-634 -804 637 0
-635 -815 638 0
-635 -810 633 0
-636 -820 633 0
-637 -878 634 0
-638 -901 635 0
-638 -900 634 0
-639 -453 641 0
-640 -461 642 0
-640 -460 641 0
-641 -504 640 0
-641 -503 639 0
-642 -514 643 0
-642 -511 640 0
-643 -578 642 0
-654 -766 653 0
-655 -532 657 0
-656 -537 657 0
-657 -596 656 0
-657 -595 655 0
-659 -662 657 0
-660 -532 662 0
-661 -537 662 0
-662 -598 663 0
-662 -596 661 0
-662 -595 660 0
-663 -657 662 0
-667 -735 669 0
-668 -780 670 0
-668 -776 666 0
-669 -788 671 0
-669 -787 670 0
-669 -784 667 0
-669 -783 666 0
-670 -863 669 0
-670 -862 668 0
-671 -870 669 0
-672 -438 673 0
-673 -483 674 0
-673 -481 672 0
-674 -543 675 0
-674 -541 673 0
-675 -602 674 0
-678 -551 680 0
-679 -558 680 0
-680 -615 679 0
-680 -614 678 0
-684 -794 683 0
-684 -793 682 0
-690 -494 691 0
-691 -567 692 0
-691 -565 690 0
-692 -630 691 0
-695 -805 699 0
-695 -804 698 0
-696 -815 699 0
-696 -810 694 0
-697 -820 694 0
-698 -878 695 0
-699 -901 696 0
-699 -900 695 0
-702 -453 704 0
-703 -461 705 0
-703 -460 704 0
-704 -504 703 0
-704 -503 702 0
-705 -514 706 0
-705 -511 703 0
-706 -580 707 0
-706 -578 705 0
-707 -643 706 0
-709 -583 710 0
-710 -646 709 0
-712 -714 710 0
-713 -583 714 0
-714 -648 715 0
-714 -646 713 0
-715 -710 714 0
-718 -587 719 0
-719 -651 718 0
-726 -735 728 0
-729 -863 728 0
-729 -862 727 0
-730 -870 728 0
-731 -666 732 0
-732 -728 735 0
-732 -727 734 0
-732 -724 731 0
-734 -780 736 0
-734 -776 732 0
-735 -783 732 0
-736 -863 735 0
-736 -862 734 0
-737 -870 735 0
-738 -551 740 0
-739 -558 740 0
-740 -617 741 0
-740 -615 739 0
-740 -614 738 0
-741 -680 740 0
-743 -751 744 0
-743 -748 741 0
-745 -551 747 0
-746 -558 747 0
-747 -617 748 0
-747 -615 746 0
-747 -614 745 0
-748 -682 749 0
-748 -680 747 0
-749 -744 751 0
-749 -741 748 0
-751 -793 749 0
-752 -494 753 0
-753 -567 754 0
-753 -565 752 0
-754 -632 755 0
-754 -630 753 0
-755 -692 754 0
-757 -805 761 0
-757 -804 760 0
-760 -878 757 0
-761 -901 758 0
-761 -900 757 0
-764 -587 765 0
-765 -653 766 0
-765 -651 764 0
-766 -719 765 0
-772 -937 771 0
-775 -666 776 0
-776 -724 775 0
-777 -735 779 0
-779 -788 781 0
-779 -787 780 0
-779 -784 777 0
-779 -783 776 0
-781 -870 779 0
-782 -666 783 0
-783 -727 785 0
-783 -724 782 0
-785 -780 787 0
-785 -776 783 0
-787 -862 785 0
-789 -551 791 0
-790 -558 791 0
-791 -617 792 0
-791 -615 790 0
-791 -614 789 0
-792 -683 794 0
-792 -682 793 0
-792 -680 791 0
-793 -741 792 0
-794 -748 792 0
-796 -494 797 0
-797 -567 798 0
-797 -565 796 0
-798 -632 799 0
-798 -630 797 0
-799 -694 800 0
-799 -692 798 0
-800 -759 803 0
-800 -758 802 0
-800 -755 799 0
-802 -815 805 0
-802 -810 800 0
-803 -820 800 0
-806 -494 807 0
-807 -567 808 0
-807 -565 806 0
-808 -632 809 0
-808 -630 807 0
-809 -694 810 0
-809 -692 808 0
-810 -755 809 0
-811 -805 815 0
-811 -804 814 0
-813 -820 810 0
-814 -878 811 0
-815 -900 811 0
-816 -494 817 0
-817 -567 818 0
-817 -565 816 0
-818 -632 819 0
-818 -630 817 0
-819 -694 820 0
-819 -692 818 0
-820 -758 822 0
-820 -755 819 0
-821 -805 825 0
-821 -804 824 0
-822 -815 825 0
-822 -810 820 0
-824 -878 821 0
-825 -901 822 0
-825 -900 821 0
-827 -887 830 0
-828 -911 832 0
-828 -910 831 0
-830 -968 834 0
-830 -967 833 0
-830 -961 827 0
-831 -980 834 0
-831 -974 828 0
-832 -993 835 0
-832 -987 829 0
-832 -986 828 0
-833 -1048 836 0
-833 -1042 830 0
-834 -1055 831 0
-834 -1054 830 0
-835 -1073 837 0
-835 -1068 832 0
-836 -1130 833 0
-837 -1160 835 0
-840 -1000 842 0
-840 -997 839 0
-841 -1005 842 0
-841 -1002 839 0
-842 -1077 841 0
-842 -1076 840 0
-848 -1018 850 0
-848 -1017 849 0
-848 -1015 847 0
-849 -1094 851 0
-849 -1091 848 0
-850 -1104 848 0
-851 -1170 853 0
-851 -1169 852 0
-851 -1166 849 0
-852 -1230 854 0
-852 -1227 851 0
-853 -1244 855 0
-853 -1240 851 0
-854 -1305 856 0
-854 -1301 852 0
-855 -1319 857 0
-855 -1315 853 0
-856 -1388 858 0
-856 -1384 854 0
-857 -1403 858 0
-857 -1400 855 0
-858 -1477 857 0
-858 -1476 856 0
-859 -666 860 0
-860 -728 863 0
-860 -727 862 0
-860 -724 859 0
-861 -735 863 0
-862 -776 860 0
-863 -784 861 0
-863 -783 860 0
-865 -870 863 0
-866 -666 867 0
-867 -728 870 0
-867 -727 869 0
-867 -724 866 0
-868 -735 870 0
-869 -780 871 0
-869 -776 867 0
-870 -787 871 0
-870 -784 868 0
-870 -783 867 0
-871 -863 870 0
-871 -862 869 0
-873 -494 874 0
-874 -567 875 0
-874 -565 873 0
-875 -632 876 0
-875 -630 874 0
-876 -694 877 0
-876 -692 875 0
-877 -759 880 0
-877 -758 879 0
-877 -755 876 0
-879 -815 882 0
-879 -810 877 0
-880 -820 877 0
-882 -901 879 0
-882 -900 878 0
-883 -829 886 0
-885 -911 889 0
-885 -910 888 0
-886 -923 889 0
-886 -917 883 0
-888 -980 891 0
-888 -974 885 0
-889 -993 892 0
-889 -987 886 0
-889 -986 885 0
-890 -1048 893 0
-890 -1042 887 0
-891 -1055 888 0
-891 -1054 887 0
-892 -1073 894 0
-892 -1068 889 0
-893 -1130 890 0
-894 -1160 892 0
-895 -494 896 0
-896 -567 897 0
-896 -565 895 0
-897 -632 898 0
-897 -630 896 0
-898 -694 899 0
-898 -692 897 0
-899 -759 902 0
-899 -758 901 0
-899 -755 898 0
-900 -804 903 0
-901 -810 899 0
-902 -820 899 0
-903 -878 900 0
-905 -829 908 0
-906 -887 909 0
-908 -923 911 0
-908 -917 905 0
-909 -968 913 0
-909 -967 912 0
-909 -961 906 0
-912 -1048 915 0
-912 -1042 909 0
-913 -1055 910 0
-913 -1054 909 0
-914 -1073 916 0
-914 -1068 911 0
-915 -1130 912 0
-916 -1160 914 0
-918 -887 921 0
-919 -911 923 0
-919 -910 922 0
-921 -968 925 0
-921 -967 924 0
-921 -961 918 0
-922 -980 925 0
-922 -974 919 0
-923 -986 919 0
-924 -1048 927 0
-924 -1042 921 0
-925 -1055 922 0
-925 -1054 921 0
-926 -1073 928 0
-926 -1068 923 0
-927 -1130 924 0
-928 -1160 926 0
-933 -1077 932 0
-933 -1076 931 0
-936 -771 937 0
-937 -843 936 0
-941 -1082 940 0
-942 -1086 940 0
-946 -1094 948 0
-946 -1091 945 0
-947 -1104 945 0
-948 -1170 950 0
-948 -1169 949 0
-948 -1166 946 0
-949 -1230 951 0
-949 -1227 948 0
-950 -1244 952 0
-950 -1240 948 0
-951 -1305 953 0
-951 -1301 949 0
-952 -1319 954 0
-952 -1315 950 0
-953 -1388 955 0
-953 -1384 951 0
-954 -1403 955 0
-954 -1400 952 0
-955 -1477 954 0
-955 -1476 953 0
-959 -1117 958 0
-959 -1116 957 0
-960 -829 963 0
-962 -911 966 0
-962 -910 965 0
-963 -923 966 0
-963 -917 960 0
-965 -980 968 0
-965 -974 962 0
-966 -993 969 0
-966 -987 963 0
-966 -986 962 0
-969 -1073 971 0
-969 -1068 966 0
-970 -1130 967 0
-971 -1160 969 0
-972 -829 975 0
-973 -887 976 0
-975 -923 978 0
-975 -917 972 0
-976 -968 980 0
-976 -967 979 0
-976 -961 973 0
-978 -993 981 0
-978 -987 975 0
-978 -986 974 0
-979 -1048 982 0
-979 -1042 976 0
-980 -1054 976 0
-981 -1073 983 0
-981 -1068 978 0
-982 -1130 979 0
-983 -1160 981 0
-984 -829 987 0
-985 -887 988 0
-986 -910 989 0
-987 -917 984 0
-988 -968 992 0
-988 -967 991 0
-988 -961 985 0
-989 -980 992 0
-989 -974 986 0
-991 -1048 994 0
-991 -1042 988 0
-992 -1055 989 0
-992 -1054 988 0
-994 -1130 991 0
-995 -1160 993 0
-996 -839 997 0
-997 -929 996 0
-999 -1005 1000 0
-999 -1002 997 0
-1001 -839 1002 0
-1002 -931 1003 0
-1002 -929 1001 0
-1003 -1000 1005 0
-1003 -997 1002 0
-1005 -1076 1003 0
-1014 -847 1015 0
-1015 -943 1014 0
-1019 -1170 1021 0
-1019 -1169 1020 0
-1019 -1166 1017 0
-1020 -1230 1022 0
-1020 -1227 1019 0
-1021 -1244 1023 0
-1021 -1240 1019 0
-1022 -1305 1024 0
-1022 -1301 1020 0
-1023 -1319 1025 0
-1023 -1315 1021 0
-1024 -1388 1026 0
-1024 -1384 1022 0
-1025 -1403 1026 0
-1025 -1400 1023 0
-1026 -1477 1025 0
-1026 -1476 1024 0
-1029 -1034 1030 0
-1029 -1031 1027 0
-1031 -957 1032 0
-1032 -1030 1034 0
-1032 -1027 1031 0
-1034 -1116 1032 0
-1037 -1188 1036 0
-1038 -829 1041 0
-1039 -887 1042 0
-1040 -911 1044 0
-1040 -910 1043 0
-1041 -923 1044 0
-1041 -917 1038 0
-1042 -961 1039 0
-1043 -980 1046 0
-1043 -974 1040 0
-1044 -993 1047 0
-1044 -987 1041 0
-1044 -986 1040 0
-1046 -1055 1043 0
-1046 -1054 1042 0
-1047 -1073 1049 0
-1047 -1068 1044 0
-1049 -1160 1047 0
-1050 -829 1053 0
-1051 -887 1054 0
-1052 -911 1056 0
-1052 -910 1055 0
-1053 -923 1056 0
-1053 -917 1050 0
-1054 -967 1057 0
-1054 -961 1051 0
-1055 -974 1052 0
-1056 -993 1059 0
-1056 -987 1053 0
-1056 -986 1052 0
-1057 -1048 1060 0
-1057 -1042 1054 0
-1059 -1073 1061 0
-1059 -1068 1056 0
-1060 -1130 1057 0
-1061 -1160 1059 0
-1062 -829 1065 0
-1063 -887 1066 0
-1064 -911 1068 0
-1064 -910 1067 0
-1065 -923 1068 0
-1065 -917 1062 0
-1066 -968 1070 0
-1066 -967 1069 0
-1066 -961 1063 0
-1067 -980 1070 0
-1067 -974 1064 0
-1068 -987 1065 0
-1068 -986 1064 0
-1069 -1048 1072 0
-1069 -1042 1066 0
-1070 -1055 1067 0
-1070 -1054 1066 0
-1072 -1130 1069 0
-1074 -839 1075 0
-1075 -932 1077 0
-1075 -931 1076 0
-1075 -929 1074 0
-1076 -997 1075 0
-1077 -1002 1075 0
-1081 -940 1082 0
-1082 -1010 1081 0
-1084 -1086 1082 0
-1085 -940 1086 0
-1086 -1012 1087 0
-1086 -1010 1085 0
-1087 -1082 1086 0
-1089 -847 1090 0
-1090 -945 1091 0
-1090 -943 1089 0
-1091 -1015 1090 0
-1093 -1104 1091 0
-1095 -1230 1097 0
-1095 -1227 1094 0
-1096 -1244 1098 0
-1096 -1240 1094 0
-1097 -1305 1099 0
-1097 -1301 1095 0
-1098 -1319 1100 0
-1098 -1315 1096 0
-1099 -1388 1101 0
-1099 -1384 1097 0
-1100 -1403 1101 0
-1100 -1400 1098 0
-1101 -1477 1100 0
-1101 -1476 1099 0
-1102 -847 1103 0
-1103 -945 1104 0
-1103 -943 1102 0
-1104 -1017 1105 0
-1104 -1015 1103 0
-1105 -1094 1107 0
-1105 -1091 1104 0
-1107 -1170 1109 0
-1107 -1169 1108 0
-1107 -1166 1105 0
-1108 -1230 1110 0
-1108 -1227 1107 0
-1109 -1244 1111 0
-1109 -1240 1107 0
-1110 -1305 1112 0
-1110 -1301 1108 0
-1111 -1319 1113 0
-1111 -1315 1109 0
-1112 -1388 1114 0
-1112 -1384 1110 0
-1113 -1403 1114 0
-1113 -1400 1111 0
-1114 -1477 1113 0
-1114 -1476 1112 0
-1115 -958 1117 0
-1115 -957 1116 0
-1116 -1027 1115 0
-1117 -1031 1115 0
-1123 -829 1126 0
-1124 -887 1127 0
-1125 -911 1129 0
-1125 -910 1128 0
-1126 -923 1129 0
-1126 -917 1123 0
-1127 -968 1131 0
-1127 -967 1130 0
-1127 -961 1124 0
-1128 -980 1131 0
-1128 -974 1125 0
-1129 -993 1132 0
-1129 -987 1126 0
-1129 -986 1125 0
-1130 -1042 1127 0
-1131 -1055 1128 0
-1131 -1054 1127 0
-1132 -1073 1134 0
-1132 -1068 1129 0
-1134 -1160 1132 0
-1136 -1147 1139 0
-1136 -1146 1138 0
-1138 -1203 1140 0
-1138 -1199 1136 0
-1139 -1207 1136 0
-1140 -1268 1141 0
-1140 -1265 1138 0
-1140 -1264 1137 0
-1141 -1354 1142 0
-1141 -1352 1140 0
-1142 -1431 1141 0
-1143 -1137 1145 0
-1145 -1195 1148 0
-1145 -1190 1143 0
-1148 -1268 1149 0
-1148 -1265 1146 0
-1148 -1264 1145 0
-1149 -1354 1150 0
-1149 -1352 1148 0
-1150 -1431 1149 0
-1151 -829 1154 0
-1152 -887 1155 0
-1153 -911 1157 0
-1153 -910 1156 0
-1154 -923 1157 0
-1154 -917 1151 0
-1155 -968 1159 0
-1155 -967 1158 0
-1155 -961 1152 0
-1156 -980 1159 0
-1156 -974 1153 0
-1157 -993 1160 0
-1157 -987 1154 0
-1157 -986 1153 0
-1158 -1048 1161 0
-1158 -1042 1155 0
-1159 -1055 1156 0
-1159 -1054 1155 0
-1160 -1068 1157 0
-1161 -1130 1158 0
-1163 -847 1164 0
-1164 -945 1165 0
-1164 -943 1163 0
-1165 -1018 1167 0
-1165 -1017 1166 0
-1165 -1015 1164 0
-1166 -1091 1165 0
-1167 -1104 1165 0
-1171 -1305 1173 0
-1171 -1301 1169 0
-1172 -1319 1174 0
-1172 -1315 1170 0
-1173 -1388 1175 0
-1173 -1384 1171 0
-1174 -1403 1175 0
-1174 -1400 1172 0
-1175 -1477 1174 0
-1175 -1476 1173 0
-1179 -1326 1178 0
-1180 -1338 1181 0
-1180 -1335 1178 0
-1181 -1413 1182 0
-1181 -1411 1180 0
-1182 -1492 1183 0
-1182 -1490 1181 0
-1183 -1547 1185 0
-1183 -1544 1182 0
-1184 -1556 1185 0
-1185 -1614 1184 0
-1185 -1613 1183 0
-1187 -1036 1188 0
-1188 -1119 1187 0
-1191 -1147 1194 0
-1191 -1146 1193 0
-1193 -1203 1195 0
-1193 -1199 1191 0
-1194 -1207 1191 0
-1196 -1354 1197 0
-1196 -1352 1195 0
-1197 -1431 1196 0
-1198 -1137 1200 0
-1200 -1195 1203 0
-1200 -1190 1198 0
-1202 -1207 1199 0
-1203 -1264 1200 0
-1204 -1354 1205 0
-1204 -1352 1203 0
-1205 -1431 1204 0
-1206 -1137 1208 0
-1207 -1146 1209 0
-1208 -1195 1211 0
-1208 -1190 1206 0
-1209 -1203 1211 0
-1209 -1199 1207 0
-1211 -1268 1212 0
-1211 -1265 1209 0
-1211 -1264 1208 0
-1212 -1354 1213 0
-1212 -1352 1211 0
-1213 -1431 1212 0
-1216 -1361 1218 0
-1216 -1360 1217 0
-1216 -1358 1215 0
-1217 -1438 1219 0
-1217 -1435 1216 0
-1218 -1444 1219 0
-1218 -1441 1216 0
-1219 -1503 1218 0
-1219 -1502 1217 0
-1222 -847 1223 0
-1223 -945 1224 0
-1223 -943 1222 0
-1224 -1018 1226 0
-1224 -1017 1225 0
-1224 -1015 1223 0
-1225 -1094 1227 0
-1225 -1091 1224 0
-1226 -1104 1224 0
-1227 -1166 1225 0
-1229 -1244 1231 0
-1229 -1240 1227 0
-1231 -1319 1233 0
-1231 -1315 1229 0
-1232 -1388 1234 0
-1232 -1384 1230 0
-1233 -1403 1234 0
-1233 -1400 1231 0
-1234 -1477 1233 0
-1234 -1476 1232 0
-1235 -847 1236 0
-1236 -945 1237 0
-1236 -943 1235 0
-1237 -1018 1239 0
-1237 -1017 1238 0
-1237 -1015 1236 0
-1238 -1094 1240 0
-1238 -1091 1237 0
-1239 -1104 1237 0
-1240 -1169 1241 0
-1240 -1166 1238 0
-1241 -1230 1243 0
-1241 -1227 1240 0
-1243 -1305 1245 0
-1243 -1301 1241 0
-1245 -1388 1247 0
-1245 -1384 1243 0
-1246 -1403 1247 0
-1246 -1400 1244 0
-1247 -1477 1246 0
-1247 -1476 1245 0
-1250 -1407 1251 0
-1250 -1405 1249 0
-1251 -1484 1250 0
-1256 -1413 1257 0
-1256 -1411 1255 0
-1257 -1492 1258 0
-1257 -1490 1256 0
-1258 -1547 1260 0
-1258 -1544 1257 0
-1259 -1556 1260 0
-1260 -1614 1259 0
-1260 -1613 1258 0
-1262 -1137 1264 0
-1263 -1147 1266 0
-1263 -1146 1265 0
-1264 -1190 1262 0
-1265 -1199 1263 0
-1266 -1207 1263 0
-1269 -1431 1268 0
-1275 -1438 1277 0
-1275 -1435 1274 0
-1276 -1444 1277 0
-1276 -1441 1274 0
-1277 -1503 1276 0
-1277 -1502 1275 0
-1279 -1283 1280 0
-1281 -1280 1283 0
-1283 -1363 1281 0
-1286 -1451 1289 0
-1286 -1450 1288 0
-1287 -1458 1289 0
-1287 -1454 1285 0
-1288 -1511 1290 0
-1288 -1507 1286 0
-1289 -1515 1287 0
-1289 -1514 1286 0
-1290 -1563 1288 0
-1295 -847 1296 0
-1296 -945 1297 0
-1296 -943 1295 0
-1297 -1018 1299 0
-1297 -1017 1298 0
-1297 -1015 1296 0
-1298 -1094 1300 0
-1298 -1091 1297 0
-1299 -1104 1297 0
-1300 -1170 1302 0
-1300 -1169 1301 0
-1300 -1166 1298 0
-1301 -1227 1300 0
-1302 -1244 1304 0
-1302 -1240 1300 0
-1304 -1319 1306 0
-1304 -1315 1302 0
-1306 -1403 1307 0
-1306 -1400 1304 0
-1307 -1477 1306 0
-1307 -1476 1305 0
-1308 -847 1309 0
-1309 -945 1310 0
-1309 -943 1308 0
-1310 -1018 1312 0
-1310 -1017 1311 0
-1310 -1015 1309 0
-1311 -1094 1313 0
-1311 -1091 1310 0
-1312 -1104 1310 0
-1313 -1170 1315 0
-1313 -1169 1314 0
-1313 -1166 1311 0
-1314 -1230 1316 0
-1314 -1227 1313 0
-1315 -1240 1313 0
-1316 -1305 1318 0
-1316 -1301 1314 0
-1318 -1388 1320 0
-1318 -1384 1316 0
-1320 -1477 1319 0
-1320 -1476 1318 0
-1324 -1484 1323 0
-1325 -1178 1326 0
-1326 -1252 1325 0
-1328 -1338 1329 0
-1328 -1335 1326 0
-1329 -1413 1330 0
-1329 -1411 1328 0
-1330 -1492 1331 0
-1330 -1490 1329 0
-1331 -1547 1333 0
-1331 -1544 1330 0
-1332 -1556 1333 0
-1333 -1614 1332 0
-1333 -1613 1331 0
-1334 -1178 1335 0
-1335 -1254 1336 0
-1335 -1252 1334 0
-1336 -1326 1335 0
-1339 -1492 1340 0
-1339 -1490 1338 0
-1340 -1547 1342 0
-1340 -1544 1339 0
-1341 -1556 1342 0
-1342 -1614 1341 0
-1342 -1613 1340 0
-1346 -1497 1345 0
-1346 -1496 1344 0
-1347 -1137 1349 0
-1348 -1147 1351 0
-1348 -1146 1350 0
-1349 -1195 1352 0
-1349 -1190 1347 0
-1350 -1203 1352 0
-1350 -1199 1348 0
-1351 -1207 1348 0
-1352 -1265 1350 0
-1352 -1264 1349 0
-1357 -1215 1358 0
-1358 -1272 1357 0
-1362 -1503 1361 0
-1362 -1502 1360 0
-1368 -1451 1371 0
-1368 -1450 1370 0
-1370 -1511 1372 0
-1370 -1507 1368 0
-1371 -1515 1369 0
-1371 -1514 1368 0
-1372 -1563 1370 0
-1376 -847 1377 0
-1377 -945 1378 0
-1377 -943 1376 0
-1378 -1018 1380 0
-1378 -1017 1379 0
-1378 -1015 1377 0
-1379 -1094 1381 0
-1379 -1091 1378 0
-1380 -1104 1378 0
-1381 -1170 1383 0
-1381 -1169 1382 0
-1381 -1166 1379 0
-1382 -1230 1384 0
-1382 -1227 1381 0
-1383 -1244 1385 0
-1383 -1240 1381 0
-1384 -1301 1382 0
-1385 -1319 1387 0
-1385 -1315 1383 0
-1387 -1403 1388 0
-1387 -1400 1385 0
-1391 -847 1392 0
-1392 -945 1393 0
-1392 -943 1391 0
-1393 -1018 1395 0
-1393 -1017 1394 0
-1393 -1015 1392 0
-1394 -1094 1396 0
-1394 -1091 1393 0
-1395 -1104 1393 0
-1396 -1170 1398 0
-1396 -1169 1397 0
-1396 -1166 1394 0
-1397 -1230 1399 0
-1397 -1227 1396 0
-1398 -1244 1400 0
-1398 -1240 1396 0
-1399 -1305 1401 0
-1399 -1301 1397 0
-1400 -1315 1398 0
-1401 -1388 1403 0
-1401 -1384 1399 0
-1403 -1476 1401 0
-1404 -1249 1405 0
-1405 -1321 1404 0
-1408 -1178 1409 0
-1409 -1255 1411 0
-1409 -1254 1410 0
-1409 -1252 1408 0
-1410 -1326 1409 0
-1411 -1335 1409 0
-1414 -1547 1416 0
-1414 -1544 1413 0
-1415 -1556 1416 0
-1416 -1614 1415 0
-1416 -1613 1414 0
-1419 -1424 1420 0
-1419 -1421 1417 0
-1421 -1344 1422 0
-1422 -1420 1424 0
-1422 -1417 1421 0
-1424 -1496 1422 0
-1425 -1137 1427 0
-1426 -1147 1429 0
-1426 -1146 1428 0
-1427 -1195 1430 0
-1427 -1190 1425 0
-1428 -1203 1430 0
-1428 -1199 1426 0
-1429 -1207 1426 0
-1430 -1268 1431 0
-1430 -1265 1428 0
-1430 -1264 1427 0
-1431 -1352 1430 0
-1433 -1215 1434 0
-1434 -1274 1435 0
-1434 -1272 1433 0
-1435 -1358 1434 0
-1437 -1444 1438 0
-1437 -1441 1435 0
-1439 -1215 1440 0
-1440 -1274 1441 0
-1440 -1272 1439 0
-1441 -1360 1442 0
-1441 -1358 1440 0
-1442 -1438 1444 0
-1442 -1435 1441 0
-1444 -1502 1442 0
-1446 -1285 1447 0
-1447 -1369 1449 0
-1447 -1366 1446 0
-1449 -1458 1451 0
-1449 -1454 1447 0
-1452 -1563 1450 0
-1453 -1285 1454 0
-1454 -1366 1453 0
-1455 -1451 1458 0
-1455 -1450 1457 0
-1457 -1511 1459 0
-1457 -1507 1455 0
-1458 -1514 1455 0
-1459 -1563 1457 0
-1466 -847 1467 0
-1467 -945 1468 0
-1467 -943 1466 0
-1468 -1018 1470 0
-1468 -1017 1469 0
-1468 -1015 1467 0
-1469 -1094 1471 0
-1469 -1091 1468 0
-1470 -1104 1468 0
-1471 -1170 1473 0
-1471 -1169 1472 0
-1471 -1166 1469 0
-1472 -1230 1474 0
-1472 -1227 1471 0
-1473 -1244 1475 0
-1473 -1240 1471 0
-1474 -1305 1476 0
-1474 -1301 1472 0
-1475 -1319 1477 0
-1475 -1315 1473 0
-1476 -1384 1474 0
-1477 -1400 1475 0
-1481 -1605 1480 0
-1482 -1249 1483 0
-1483 -1323 1484 0
-1483 -1321 1482 0
-1484 -1405 1483 0
-1486 -1178 1487 0
-1487 -1255 1489 0
-1487 -1254 1488 0
-1487 -1252 1486 0
-1488 -1326 1487 0
-1489 -1338 1490 0
-1489 -1335 1487 0
-1490 -1411 1489 0
-1493 -1556 1494 0
-1494 -1614 1493 0
-1494 -1613 1492 0
-1495 -1345 1497 0
-1495 -1344 1496 0
-1496 -1417 1495 0
-1497 -1421 1495 0
-1499 -1215 1500 0
-1500 -1274 1501 0
-1500 -1272 1499 0
-1501 -1361 1503 0
-1501 -1360 1502 0
-1501 -1358 1500 0
-1502 -1435 1501 0
-1503 -1441 1501 0
-1505 -1285 1506 0
-1506 -1369 1508 0
-1506 -1366 1505 0
-1508 -1458 1510 0
-1508 -1454 1506 0
-1510 -1515 1508 0
-1510 -1514 1507 0
-1512 -1285 1513 0
-1513 -1369 1515 0
-1513 -1366 1512 0
-1514 -1450 1516 0
-1515 -1454 1513 0
-1516 -1511 1518 0
-1516 -1507 1514 0
-1518 -1563 1516 0
-1522 -1625 1521 0
-1522 -1624 1520 0
-1523 -1634 1524 0
-1523 -1631 1521 0
-1524 -1689 1523 0
-1529 -1598 1530 0
-1530 -1672 1531 0
-1530 -1670 1529 0
-1530 -1669 1528 0
-1531 -1727 1530 0
-1534 -1676 1535 0
-1534 -1674 1533 0
-1535 -1734 1534 0
-1539 -1178 1540 0
-1540 -1255 1542 0
-1540 -1254 1541 0
-1540 -1252 1539 0
-1541 -1326 1540 0
-1542 -1338 1543 0
-1542 -1335 1540 0
-1543 -1413 1544 0
-1543 -1411 1542 0
-1544 -1490 1543 0
-1546 -1556 1547 0
-1548 -1178 1549 0
-1549 -1255 1551 0
-1549 -1254 1550 0
-1549 -1252 1548 0
-1550 -1326 1549 0
-1551 -1338 1552 0
-1551 -1335 1549 0
-1552 -1413 1553 0
-1552 -1411 1551 0
-1553 -1492 1554 0
-1553 -1490 1552 0
-1554 -1547 1556 0
-1554 -1544 1553 0
-1556 -1613 1554 0
-1559 -1285 1560 0
-1560 -1369 1562 0
-1560 -1366 1559 0
-1561 -1451 1564 0
-1561 -1450 1563 0
-1562 -1458 1564 0
-1562 -1454 1560 0
-1563 -1507 1561 0
-1564 -1515 1562 0
-1564 -1514 1561 0
-1568 -1576 1570 0
-1568 -1575 1569 0
-1568 -1572 1566 0
-1570 -1634 1571 0
-1570 -1631 1568 0
-1571 -1689 1570 0
-1572 -1520 1573 0
-1573 -1569 1575 0
-1573 -1566 1572 0
-1575 -1624 1573 0
-1577 -1689 1576 0
-1580 -1651 1583 0
-1580 -1650 1582 0
-1581 -1663 1584 0
-1581 -1662 1583 0
-1582 -1698 1585 0
-1582 -1693 1580 0
-1582 -1692 1579 0
-1583 -1705 1581 0
-1583 -1704 1580 0
-1584 -1721 1586 0
-1584 -1716 1581 0
-1585 -1754 1587 0
-1585 -1749 1582 0
-1586 -1774 1584 0
-1587 -1840 1588 0
-1587 -1837 1585 0
-1588 -1930 1587 0
-1592 -1598 1593 0
-1594 -1727 1593 0
-1595 -1528 1596 0
-1596 -1593 1598 0
-1596 -1590 1595 0
-1598 -1669 1596 0
-1599 -1727 1598 0
-1603 -1734 1602 0
-1604 -1480 1605 0
-1605 -1536 1604 0
-1607 -1178 1608 0
-1608 -1255 1610 0
-1608 -1254 1609 0
-1608 -1252 1607 0
-1609 -1326 1608 0
-1610 -1338 1611 0
-1610 -1335 1608 0
-1611 -1413 1612 0
-1611 -1411 1610 0
-1612 -1492 1613 0
-1612 -1490 1611 0
-1613 -1544 1612 0
-1621 -1744 1622 0
-1621 -1742 1620 0
-1622 -1828 1621 0
-1623 -1521 1625 0
-1623 -1520 1624 0
-1624 -1566 1623 0
-1625 -1572 1623 0
-1627 -1634 1628 0
-1627 -1631 1625 0
-1628 -1689 1627 0
-1629 -1521 1631 0
-1629 -1520 1630 0
-1630 -1569 1632 0
-1630 -1566 1629 0
-1631 -1575 1632 0
-1631 -1572 1629 0
-1632 -1625 1631 0
-1632 -1624 1630 0
-1637 -1651 1640 0
-1637 -1650 1639 0
-1638 -1663 1641 0
-1638 -1662 1640 0
-1640 -1705 1638 0
-1640 -1704 1637 0
-1641 -1721 1643 0
-1641 -1716 1638 0
-1642 -1754 1644 0
-1642 -1749 1639 0
-1643 -1774 1641 0
-1644 -1840 1645 0
-1644 -1837 1642 0
-1645 -1930 1644 0
-1646 -1579 1647 0
-1647 -1639 1650 0
-1647 -1635 1646 0
-1649 -1663 1652 0
-1649 -1662 1651 0
-1650 -1692 1647 0
-1652 -1721 1654 0
-1652 -1716 1649 0
-1653 -1754 1655 0
-1653 -1749 1650 0
-1654 -1774 1652 0
-1655 -1840 1656 0
-1655 -1837 1653 0
-1656 -1930 1655 0
-1657 -1579 1658 0
-1658 -1639 1661 0
-1658 -1635 1657 0
-1659 -1651 1662 0
-1659 -1650 1661 0
-1661 -1698 1664 0
-1661 -1693 1659 0
-1661 -1692 1658 0
-1662 -1704 1659 0
-1664 -1754 1666 0
-1664 -1749 1661 0
-1665 -1774 1663 0
-1666 -1840 1667 0
-1666 -1837 1664 0
-1667 -1930 1666 0
-1668 -1528 1669 0
-1669 -1590 1668 0
-1673 -1533 1674 0
-1674 -1600 1673 0
-1684 -1828 1683 0
-1685 -1521 1687 0
-1685 -1520 1686 0
-1686 -1569 1688 0
-1686 -1566 1685 0
-1687 -1576 1689 0
-1687 -1575 1688 0
-1687 -1572 1685 0
-1688 -1625 1687 0
-1688 -1624 1686 0
-1689 -1631 1687 0
-1691 -1579 1692 0
-1692 -1635 1691 0
-1694 -1663 1697 0
-1694 -1662 1696 0
-1696 -1705 1694 0
-1696 -1704 1693 0
-1697 -1721 1699 0
-1697 -1716 1694 0
-1699 -1774 1697 0
-1700 -1840 1701 0
-1700 -1837 1698 0
-1701 -1930 1700 0
-1702 -1579 1703 0
-1703 -1639 1706 0
-1703 -1635 1702 0
-1704 -1650 1706 0
-1706 -1698 1709 0
-1706 -1693 1704 0
-1706 -1692 1703 0
-1708 -1721 1710 0
-1708 -1716 1705 0
-1709 -1754 1711 0
-1709 -1749 1706 0
-1710 -1774 1708 0
-1711 -1840 1712 0
-1711 -1837 1709 0
-1712 -1930 1711 0
-1713 -1579 1714 0
-1714 -1639 1717 0
-1714 -1635 1713 0
-1715 -1651 1718 0
-1715 -1650 1717 0
-1716 -1662 1718 0
-1717 -1698 1720 0
-1717 -1693 1715 0
-1717 -1692 1714 0
-1718 -1705 1716 0
-1718 -1704 1715 0
-1720 -1754 1722 0
-1720 -1749 1717 0
-1722 -1840 1723 0
-1722 -1837 1720 0
-1723 -1930 1722 0
-1724 -1528 1725 0
-1725 -1593 1727 0
-1725 -1590 1724 0
-1726 -1598 1727 0
-1727 -1670 1726 0
-1727 -1669 1725 0
-1731 -1866 1730 0
-1732 -1533 1733 0
-1733 -1602 1734 0
-1733 -1600 1732 0
-1734 -1674 1733 0
-1741 -1620 1742 0
-1742 -1681 1741 0
-1745 -1579 1746 0
-1746 -1639 1749 0
-1746 -1635 1745 0
-1747 -1651 1750 0
-1747 -1650 1749 0
-1748 -1663 1751 0
-1748 -1662 1750 0
-1749 -1693 1747 0
-1749 -1692 1746 0
-1750 -1705 1748 0
-1750 -1704 1747 0
-1751 -1721 1753 0
-1751 -1716 1748 0
-1753 -1774 1751 0
-1755 -1930 1754 0
-1759 -1933 1757 0
-1760 -1950 1762 0
-1760 -1949 1761 0
-1760 -1946 1758 0
-1761 -2027 1760 0
-1762 -2043 1764 0
-1762 -2039 1760 0
-1763 -2056 1765 0
-1763 -2055 1764 0
-1764 -2155 1767 0
-1764 -2154 1766 0
-1764 -2151 1763 0
-1764 -2150 1762 0
-1765 -2167 1767 0
-1765 -2163 1763 0
-1766 -2226 1764 0
-1767 -2239 1765 0
-1767 -2238 1764 0
-1768 -1579 1769 0
-1769 -1639 1772 0
-1769 -1635 1768 0
-1770 -1651 1773 0
-1770 -1650 1772 0
-1771 -1663 1774 0
-1771 -1662 1773 0
-1772 -1698 1775 0
-1772 -1693 1770 0
-1772 -1692 1769 0
-1773 -1705 1771 0
-1773 -1704 1770 0
-1774 -1716 1771 0
-1775 -1754 1777 0
-1775 -1749 1772 0
-1777 -1840 1778 0
-1777 -1837 1775 0
-1778 -1930 1777 0
-1785 -1802 1787 0
-1788 -1964 1792 0
-1788 -1958 1786 0
-1789 -1974 1787 0
-1789 -1973 1786 0
-1790 -1995 1793 0
-1790 -1989 1787 0
-1791 -2073 1794 0
-1792 -2089 1795 0
-1792 -2088 1794 0
-1792 -2082 1788 0
-1793 -2101 1790 0
-1794 -2184 1796 0
-1794 -2180 1792 0
-1794 -2179 1791 0
-1795 -2199 1796 0
-1795 -2195 1792 0
-1796 -2260 1797 0
-1796 -2258 1795 0
-1796 -2257 1794 0
-1797 -2300 1798 0
-1797 -2298 1796 0
-1798 -2349 1797 0
-1799 -1787 1802 0
-1799 -1786 1801 0
-1801 -1876 1804 0
-1801 -1875 1803 0
-1801 -1871 1799 0
-1802 -1886 1799 0
-1803 -1964 1807 0
-1803 -1958 1801 0
-1804 -1974 1802 0
-1804 -1973 1801 0
-1805 -1995 1808 0
-1805 -1989 1802 0
-1806 -2073 1809 0
-1807 -2089 1810 0
-1807 -2088 1809 0
-1807 -2082 1803 0
-1808 -2101 1805 0
-1809 -2184 1811 0
-1809 -2180 1807 0
-1809 -2179 1806 0
-1810 -2199 1811 0
-1810 -2195 1807 0
-1811 -2260 1812 0
-1811 -2258 1810 0
-1811 -2257 1809 0
-1812 -2300 1813 0
-1812 -2298 1811 0
-1813 -2349 1812 0
-1816 -2005 1817 0
-1816 -2003 1815 0
-1817 -2112 1816 0
-1819 -1908 1821 0
-1821 -2012 1824 0
-1821 -2011 1823 0
-1821 -2008 1820 0
-1821 -2007 1819 0
-1822 -2121 1825 0
-1823 -2129 1825 0
-1823 -2125 1821 0
-1824 -2133 1821 0
-1825 -2209 1823 0
-1825 -2208 1822 0
-1826 -1620 1827 0
-1827 -1683 1828 0
-1827 -1681 1826 0
-1828 -1742 1827 0
-1830 -1579 1831 0
-1831 -1639 1834 0
-1831 -1635 1830 0
-1832 -1651 1835 0
-1832 -1650 1834 0
-1833 -1663 1836 0
-1833 -1662 1835 0
-1834 -1698 1837 0
-1834 -1693 1832 0
-1834 -1692 1831 0
-1835 -1705 1833 0
-1835 -1704 1832 0
-1836 -1721 1838 0
-1836 -1716 1833 0
-1837 -1749 1834 0
-1838 -1774 1836 0
-1843 -1857 1845 0
-1843 -1853 1841 0
-1845 -1950 1847 0
-1845 -1949 1846 0
-1845 -1946 1843 0
-1846 -2027 1845 0
-1847 -2043 1849 0
-1847 -2039 1845 0
-1848 -2056 1850 0
-1848 -2055 1849 0
-1849 -2155 1852 0
-1849 -2154 1851 0
-1849 -2151 1848 0
-1849 -2150 1847 0
-1850 -2167 1852 0
-1850 -2163 1848 0
-1851 -2226 1849 0
-1852 -2239 1850 0
-1852 -2238 1849 0
-1853 -1757 1854 0
-1854 -1844 1856 0
-1854 -1841 1853 0
-1856 -1933 1854 0
-1858 -2027 1857 0
-1859 -2043 1861 0
-1859 -2039 1857 0
-1860 -2056 1862 0
-1860 -2055 1861 0
-1861 -2155 1864 0
-1861 -2154 1863 0
-1861 -2151 1860 0
-1861 -2150 1859 0
-1862 -2167 1864 0
-1862 -2163 1860 0
-1863 -2226 1861 0
-1864 -2239 1862 0
-1864 -2238 1861 0
-1865 -1730 1866 0
-1866 -1779 1865 0
-1872 -1802 1874 0
-1874 -1892 1877 0
-1874 -1891 1876 0
-1874 -1887 1872 0
-1874 -1886 1871 0
-1877 -1995 1880 0
-1877 -1989 1874 0
-1878 -2073 1881 0
-1879 -2089 1882 0
-1879 -2088 1881 0
-1879 -2082 1875 0
-1880 -2101 1877 0
-1881 -2184 1883 0
-1881 -2180 1879 0
-1881 -2179 1878 0
-1882 -2199 1883 0
-1882 -2195 1879 0
-1883 -2260 1884 0
-1883 -2258 1882 0
-1883 -2257 1881 0
-1884 -2300 1885 0
-1884 -2298 1883 0
-1885 -2349 1884 0
-1886 -1786 1888 0
-1888 -1876 1891 0
-1888 -1875 1890 0
-1888 -1871 1886 0
-1890 -1964 1894 0
-1890 -1958 1888 0
-1891 -1973 1888 0
-1893 -2073 1896 0
-1894 -2089 1897 0
-1894 -2088 1896 0
-1894 -2082 1890 0
-1895 -2101 1892 0
-1896 -2184 1898 0
-1896 -2180 1894 0
-1896 -2179 1893 0
-1897 -2199 1898 0
-1897 -2195 1894 0
-1898 -2260 1899 0
-1898 -2258 1897 0
-1898 -2257 1896 0
-1899 -2300 1900 0
-1899 -2298 1898 0
-1900 -2349 1899 0
-1904 -2112 1903 0
-1905 -1820 1907 0
-1907 -1916 1908 0
-1907 -1913 1905 0
-1909 -2121 1912 0
-1910 -2129 1912 0
-1910 -2125 1908 0
-1911 -2133 1908 0
-1912 -2209 1910 0
-1912 -2208 1909 0
-1914 -1908 1916 0
-1916 -2007 1914 0
-1917 -2121 1920 0
-1918 -2129 1920 0
-1918 -2125 1916 0
-1919 -2133 1916 0
-1920 -2209 1918 0
-1920 -2208 1917 0
-1921 -1579 1922 0
-1922 -1639 1925 0
-1922 -1635 1921 0
-1923 -1651 1926 0
-1923 -1650 1925 0
-1924 -1663 1927 0
-1924 -1662 1926 0
-1925 -1698 1928 0
-1925 -1693 1923 0
-1925 -1692 1922 0
-1926 -1705 1924 0
-1926 -1704 1923 0
-1927 -1721 1929 0
-1927 -1716 1924 0
-1928 -1754 1930 0
-1928 -1749 1925 0
-1929 -1774 1927 0
-1930 -1837 1928 0
-1932 -1758 1934 0
-1932 -1757 1933 0
-1933 -1841 1932 0
-1934 -1857 1936 0
-1934 -1853 1932 0
-1936 -1950 1938 0
-1936 -1949 1937 0
-1936 -1946 1934 0
-1937 -2027 1936 0
-1938 -2043 1940 0
-1938 -2039 1936 0
-1939 -2056 1941 0
-1939 -2055 1940 0
-1940 -2155 1943 0
-1940 -2154 1942 0
-1940 -2151 1939 0
-1940 -2150 1938 0
-1941 -2167 1943 0
-1941 -2163 1939 0
-1942 -2226 1940 0
-1943 -2239 1941 0
-1943 -2238 1940 0
-1944 -1758 1946 0
-1944 -1757 1945 0
-1945 -1844 1947 0
-1945 -1841 1944 0
-1946 -1853 1944 0
-1947 -1933 1945 0
-1951 -2056 1953 0
-1951 -2055 1952 0
-1952 -2155 1955 0
-1952 -2154 1954 0
-1952 -2151 1951 0
-1952 -2150 1950 0
-1953 -2167 1955 0
-1953 -2163 1951 0
-1954 -2226 1952 0
-1955 -2239 1953 0
-1955 -2238 1952 0
-1956 -1787 1959 0
-1956 -1786 1958 0
-1957 -1802 1959 0
-1958 -1871 1956 0
-1959 -1892 1962 0
-1959 -1891 1961 0
-1959 -1887 1957 0
-1959 -1886 1956 0
-1961 -1974 1959 0
-1961 -1973 1958 0
-1962 -1995 1965 0
-1962 -1989 1959 0
-1963 -2073 1966 0
-1965 -2101 1962 0
-1966 -2184 1968 0
-1966 -2180 1964 0
-1966 -2179 1963 0
-1967 -2199 1968 0
-1967 -2195 1964 0
-1968 -2260 1969 0
-1968 -2258 1967 0
-1968 -2257 1966 0
-1969 -2300 1970 0
-1969 -2298 1968 0
-1970 -2349 1969 0
-1971 -1787 1974 0
-1971 -1786 1973 0
-1972 -1802 1974 0
-1973 -1875 1975 0
-1973 -1871 1971 0
-1974 -1887 1972 0
-1974 -1886 1971 0
-1975 -1964 1979 0
-1975 -1958 1973 0
-1977 -1995 1980 0
-1977 -1989 1974 0
-1978 -2073 1981 0
-1979 -2089 1982 0
-1979 -2088 1981 0
-1979 -2082 1975 0
-1980 -2101 1977 0
-1981 -2184 1983 0
-1981 -2180 1979 0
-1981 -2179 1978 0
-1982 -2199 1983 0
-1982 -2195 1979 0
-1983 -2260 1984 0
-1983 -2258 1982 0
-1983 -2257 1981 0
-1984 -2300 1985 0
-1984 -2298 1983 0
-1985 -2349 1984 0
-1986 -1787 1989 0
-1986 -1786 1988 0
-1987 -1802 1989 0
-1988 -1876 1991 0
-1988 -1875 1990 0
-1988 -1871 1986 0
-1989 -1891 1991 0
-1989 -1887 1987 0
-1989 -1886 1986 0
-1990 -1964 1994 0
-1990 -1958 1988 0
-1991 -1974 1989 0
-1991 -1973 1988 0
-1993 -2073 1996 0
-1994 -2089 1997 0
-1994 -2088 1996 0
-1994 -2082 1990 0
-1996 -2184 1998 0
-1996 -2180 1994 0
-1996 -2179 1993 0
-1997 -2199 1998 0
-1997 -2195 1994 0
-1998 -2260 1999 0
-1998 -2258 1997 0
-1998 -2257 1996 0
-1999 -2300 2000 0
-1999 -2298 1998 0
-2000 -2349 1999 0
-2002 -1815 2003 0
-2003 -1901 2002 0
-2006 -1820 2008 0
-2008 -1913 2006 0
-2010 -2121 2013 0
-2013 -2209 2011 0
-2013 -2208 2010 0
-2016 -2021 2017 0
-2018 -2214 2017 0
-2019 -2017 2021 0
-2021 -2138 2019 0
-2022 -2214 2021 0
-2023 -1758 2025 0
-2023 -1757 2024 0
-2024 -1844 2026 0
-2024 -1841 2023 0
-2025 -1857 2027 0
-2025 -1853 2023 0
-2026 -1933 2024 0
-2027 -1946 2025 0
-2029 -2043 2031 0
-2029 -2039 2027 0
-2030 -2056 2032 0
-2030 -2055 2031 0
-2031 -2155 2034 0
-2031 -2154 2033 0
-2031 -2151 2030 0
-2031 -2150 2029 0
-2032 -2167 2034 0
-2032 -2163 2030 0
-2033 -2226 2031 0
-2034 -2239 2032 0
-2034 -2238 2031 0
-2035 -1758 2037 0
-2035 -1757 2036 0
-2036 -1844 2038 0
-2036 -1841 2035 0
-2037 -1857 2039 0
-2037 -1853 2035 0
-2038 -1933 2036 0
-2039 -1949 2040 0
-2039 -1946 2037 0
-2040 -2027 2039 0
-2042 -2056 2044 0
-2042 -2055 2043 0
-2044 -2167 2046 0
-2044 -2163 2042 0
-2045 -2226 2043 0
-2046 -2239 2044 0
-2046 -2238 2043 0
-2047 -1758 2049 0
-2047 -1757 2048 0
-2048 -1844 2050 0
-2048 -1841 2047 0
-2049 -1857 2051 0
-2049 -1853 2047 0
-2050 -1933 2048 0
-2051 -1950 2053 0
-2051 -1949 2052 0
-2051 -1946 2049 0
-2052 -2027 2051 0
-2053 -2043 2055 0
-2053 -2039 2051 0
-2055 -2150 2053 0
-2057 -2226 2055 0
-2058 -2239 2056 0
-2058 -2238 2055 0
-2061 -2245 2062 0
-2061 -2243 2060 0
-2062 -2270 2061 0
-2063 -1787 2066 0
-2063 -1786 2065 0
-2064 -1802 2066 0
-2065 -1876 2068 0
-2065 -1875 2067 0
-2065 -1871 2063 0
-2066 -1892 2069 0
-2066 -1891 2068 0
-2066 -1887 2064 0
-2066 -1886 2063 0
-2067 -1964 2071 0
-2067 -1958 2065 0
-2068 -1974 2066 0
-2068 -1973 2065 0
-2069 -1995 2072 0
-2069 -1989 2066 0
-2071 -2089 2074 0
-2071 -2088 2073 0
-2071 -2082 2067 0
-2072 -2101 2069 0
-2074 -2199 2075 0
-2074 -2195 2071 0
-2075 -2260 2076 0
-2075 -2258 2074 0
-2075 -2257 2073 0
-2076 -2300 2077 0
-2076 -2298 2075 0
-2077 -2349 2076 0
-2078 -1787 2081 0
-2078 -1786 2080 0
-2079 -1802 2081 0
-2080 -1876 2083 0
-2080 -1875 2082 0
-2080 -1871 2078 0
-2081 -1892 2084 0
-2081 -1891 2083 0
-2081 -1887 2079 0
-2081 -1886 2078 0
-2082 -1958 2080 0
-2083 -1974 2081 0
-2083 -1973 2080 0
-2084 -1995 2087 0
-2084 -1989 2081 0
-2085 -2073 2088 0
-2087 -2101 2084 0
-2088 -2179 2085 0
-2090 -2260 2091 0
-2090 -2258 2089 0
-2090 -2257 2088 0
-2091 -2300 2092 0
-2091 -2298 2090 0
-2092 -2349 2091 0
-2095 -1787 2098 0
-2095 -1786 2097 0
-2096 -1802 2098 0
-2097 -1876 2100 0
-2097 -1875 2099 0
-2097 -1871 2095 0
-2098 -1892 2101 0
-2098 -1891 2100 0
-2098 -1887 2096 0
-2098 -1886 2095 0
-2099 -1964 2103 0
-2099 -1958 2097 0
-2100 -1974 2098 0
-2100 -1973 2097 0
-2101 -1989 2098 0
-2102 -2073 2105 0
-2103 -2089 2106 0
-2103 -2088 2105 0
-2103 -2082 2099 0
-2105 -2184 2107 0
-2105 -2180 2103 0
-2105 -2179 2102 0
-2106 -2199 2107 0
-2106 -2195 2103 0
-2107 -2260 2108 0
-2107 -2258 2106 0
-2107 -2257 2105 0
-2108 -2300 2109 0
-2108 -2298 2107 0
-2109 -2349 2108 0
-2110 -1815 2111 0
-2111 -1903 2112 0
-2111 -1901 2110 0
-2112 -2003 2111 0
-2114 -1820 2116 0
-2115 -1908 2117 0
-2116 -1916 2117 0
-2116 -1913 2114 0
-2117 -2012 2120 0
-2117 -2011 2119 0
-2117 -2008 2116 0
-2117 -2007 2115 0
-2119 -2129 2121 0
-2119 -2125 2117 0
-2120 -2133 2117 0
-2122 -1820 2124 0
-2123 -1908 2125 0
-2124 -1916 2125 0
-2124 -1913 2122 0
-2125 -2008 2124 0
-2125 -2007 2123 0
-2126 -2121 2129 0
-2128 -2133 2125 0
-2129 -2208 2126 0
-2130 -1820 2132 0
-2131 -1908 2133 0
-2132 -1916 2133 0
-2132 -1913 2130 0
-2133 -2011 2135 0
-2133 -2008 2132 0
-2133 -2007 2131 0
-2134 -2121 2137 0
-2135 -2129 2137 0
-2135 -2125 2133 0
-2137 -2209 2135 0
-2137 -2208 2134 0
-2144 -1758 2146 0
-2144 -1757 2145 0
-2145 -1844 2147 0
-2145 -1841 2144 0
-2146 -1857 2148 0
-2146 -1853 2144 0
-2147 -1933 2145 0
-2148 -1950 2150 0
-2148 -1949 2149 0
-2148 -1946 2146 0
-2149 -2027 2148 0
-2150 -2039 2148 0
-2153 -2167 2155 0
-2153 -2163 2151 0
-2156 -1758 2158 0
-2156 -1757 2157 0
-2157 -1844 2159 0
-2157 -1841 2156 0
-2158 -1857 2160 0
-2158 -1853 2156 0
-2159 -1933 2157 0
-2160 -1950 2162 0
-2160 -1949 2161 0
-2160 -1946 2158 0
-2161 -2027 2160 0
-2162 -2043 2164 0
-2162 -2039 2160 0
-2163 -2055 2164 0
-2164 -2155 2167 0
-2164 -2154 2166 0
-2164 -2151 2163 0
-2164 -2150 2162 0
-2166 -2226 2164 0
-2167 -2238 2164 0
-2171 -2270 2170 0
-2172 -1787 2175 0
-2172 -1786 2174 0
-2173 -1802 2175 0
-2174 -1876 2177 0
-2174 -1875 2176 0
-2174 -1871 2172 0
-2175 -1892 2178 0
-2175 -1891 2177 0
-2175 -1887 2173 0
-2175 -1886 2172 0
-2176 -1964 2180 0
-2176 -1958 2174 0
-2177 -1974 2175 0
-2177 -1973 2174 0
-2178 -1995 2181 0
-2178 -1989 2175 0
-2180 -2082 2176 0
-2181 -2101 2178 0
-2183 -2199 2184 0
-2183 -2195 2180 0
-2185 -2300 2186 0
-2185 -2298 2184 0
-2186 -2349 2185 0
-2187 -1787 2190 0
-2187 -1786 2189 0
-2188 -1802 2190 0
-2189 -1876 2192 0
-2189 -1875 2191 0
-2189 -1871 2187 0
-2190 -1892 2193 0
-2190 -1891 2192 0
-2190 -1887 2188 0
-2190 -1886 2187 0
-2191 -1964 2195 0
-2191 -1958 2189 0
-2192 -1974 2190 0
-2192 -1973 2189 0
-2193 -1995 2196 0
-2193 -1989 2190 0
-2194 -2073 2197 0
-2195 -2088 2197 0
-2195 -2082 2191 0
-2196 -2101 2193 0
-2197 -2184 2199 0
-2197 -2180 2195 0
-2197 -2179 2194 0
-2199 -2257 2197 0
-2200 -2300 2201 0
-2200 -2298 2199 0
-2201 -2349 2200 0
-2204 -1820 2206 0
-2205 -1908 2207 0
-2206 -1916 2207 0
-2206 -1913 2204 0
-2207 -2012 2210 0
-2207 -2011 2209 0
-2207 -2008 2206 0
-2207 -2007 2205 0
-2209 -2125 2207 0
-2210 -2133 2207 0
-2212 -2017 2214 0
-2213 -2021 2214 0
-2214 -2139 2213 0
-2214 -2138 2212 0
-2218 -1758 2220 0
-2218 -1757 2219 0
-2219 -1844 2221 0
-2219 -1841 2218 0
-2220 -1857 2222 0
-2220 -1853 2218 0
-2221 -1933 2219 0
-2222 -1950 2224 0
-2222 -1949 2223 0
-2222 -1946 2220 0
-2223 -2027 2222 0
-2224 -2043 2226 0
-2224 -2039 2222 0
-2225 -2056 2227 0
-2225 -2055 2226 0
-2226 -2151 2225 0
-2226 -2150 2224 0
-2227 -2167 2229 0
-2227 -2163 2225 0
-2229 -2239 2227 0
-2229 -2238 2226 0
-2230 -1758 2232 0
-2230 -1757 2231 0
-2231 -1844 2233 0
-2231 -1841 2230 0
-2232 -1857 2234 0
-2232 -1853 2230 0
-2233 -1933 2231 0
-2234 -1950 2236 0
-2234 -1949 2235 0
-2234 -1946 2232 0
-2235 -2027 2234 0
-2236 -2043 2238 0
-2236 -2039 2234 0
-2237 -2056 2239 0
-2237 -2055 2238 0
-2238 -2154 2240 0
-2238 -2151 2237 0
-2238 -2150 2236 0
-2239 -2163 2237 0
-2240 -2226 2238 0
-2242 -2060 2243 0
-2243 -2168 2242 0
-2247 -1787 2250 0
-2247 -1786 2249 0
-2248 -1802 2250 0
-2249 -1876 2252 0
-2249 -1875 2251 0
-2249 -1871 2247 0
-2250 -1892 2253 0
-2250 -1891 2252 0
-2250 -1887 2248 0
-2250 -1886 2247 0
-2251 -1964 2255 0
-2251 -1958 2249 0
-2252 -1974 2250 0
-2252 -1973 2249 0
-2253 -1995 2256 0
-2253 -1989 2250 0
-2254 -2073 2257 0
-2255 -2089 2258 0
-2255 -2088 2257 0
-2255 -2082 2251 0
-2256 -2101 2253 0
-2257 -2180 2255 0
-2257 -2179 2254 0
-2258 -2195 2255 0
-2261 -2349 2260 0
-2268 -2060 2269 0
-2269 -2170 2270 0
-2269 -2168 2268 0
-2270 -2243 2269 0
-2273 -2281 2274 0
-2275 -2384 2276 0
-2275 -2382 2274 0
-2276 -2433 2277 0
-2276 -2431 2275 0
-2277 -2472 2278 0
-2277 -2470 2276 0
-2278 -2531 2277 0
-2279 -2274 2281 0
-2281 -2329 2279 0
-2282 -2384 2283 0
-2282 -2382 2281 0
-2283 -2433 2284 0
-2283 -2431 2282 0
-2284 -2472 2285 0
-2284 -2470 2283 0
-2285 -2531 2284 0
-2286 -1787 2289 0
-2286 -1786 2288 0
-2287 -1802 2289 0
-2288 -1876 2291 0
-2288 -1875 2290 0
-2288 -1871 2286 0
-2289 -1892 2292 0
-2289 -1891 2291 0
-2289 -1887 2287 0
-2289 -1886 2286 0
-2290 -1964 2294 0
-2290 -1958 2288 0
-2291 -1974 2289 0
-2291 -1973 2288 0
-2292 -1995 2295 0
-2292 -1989 2289 0
-2293 -2073 2296 0
-2294 -2089 2297 0
-2294 -2088 2296 0
-2294 -2082 2290 0
-2295 -2101 2292 0
-2296 -2184 2298 0
-2296 -2180 2294 0
-2296 -2179 2293 0
-2297 -2199 2298 0
-2297 -2195 2294 0
-2298 -2258 2297 0
-2298 -2257 2296 0
-2302 -2310 2304 0
-2305 -2390 2303 0
-2306 -2397 2304 0
-2306 -2396 2303 0
-2307 -2304 2310 0
-2307 -2303 2309 0
-2309 -2356 2312 0
-2309 -2355 2311 0
-2309 -2351 2307 0
-2310 -2357 2307 0
-2311 -2390 2309 0
-2312 -2397 2310 0
-2312 -2396 2309 0
-2322 -2326 2323 0
-2324 -2323 2326 0
-2326 -2373 2324 0
-2333 -2433 2334 0
-2333 -2431 2332 0
-2334 -2472 2335 0
-2334 -2470 2333 0
-2335 -2531 2334 0
-2336 -1787 2339 0
-2336 -1786 2338 0
-2337 -1802 2339 0
-2338 -1876 2341 0
-2338 -1875 2340 0
-2338 -1871 2336 0
-2339 -1892 2342 0
-2339 -1891 2341 0
-2339 -1887 2337 0
-2339 -1886 2336 0
-2340 -1964 2344 0
-2340 -1958 2338 0
-2341 -1974 2339 0
-2341 -1973 2338 0
-2342 -1995 2345 0
-2342 -1989 2339 0
-2343 -2073 2346 0
-2344 -2089 2347 0
-2344 -2088 2346 0
-2344 -2082 2340 0
-2345 -2101 2342 0
-2346 -2184 2348 0
-2346 -2180 2344 0
-2346 -2179 2343 0
-2347 -2199 2348 0
-2347 -2195 2344 0
-2348 -2260 2349 0
-2348 -2258 2347 0
-2348 -2257 2346 0
-2349 -2298 2348 0
-2352 -2310 2354 0
-2354 -2362 2356 0
-2354 -2358 2352 0
-2354 -2357 2351 0
-2357 -2303 2359 0
-2359 -2356 2362 0
-2359 -2355 2361 0
-2359 -2351 2357 0
-2361 -2390 2359 0
-2362 -2396 2359 0
-2372 -2445 2370 0
-2380 -2274 2382 0
-2381 -2281 2382 0
-2382 -2330 2381 0
-2382 -2329 2380 0
-2385 -2472 2386 0
-2385 -2470 2384 0
-2386 -2531 2385 0
-2388 -2304 2391 0
-2388 -2303 2390 0
-2389 -2310 2391 0
-2390 -2351 2388 0
-2391 -2362 2393 0
-2391 -2358 2389 0
-2391 -2357 2388 0
-2393 -2397 2391 0
-2393 -2396 2390 0
-2394 -2304 2397 0
-2394 -2303 2396 0
-2395 -2310 2397 0
-2396 -2355 2398 0
-2396 -2351 2394 0
-2397 -2358 2395 0
-2397 -2357 2394 0
-2398 -2390 2396 0
-2402 -2408 2404 0
-2405 -2404 2408 0
-2405 -2403 2407 0
-2407 -2436 2405 0
-2408 -2440 2405 0
-2414 -2415 2412 0
-2415 -2367 2416 0
-2416 -2412 2415 0
-2420 -2422 2418 0
-2422 -2370 2423 0
-2423 -2421 2425 0
-2423 -2418 2422 0
-2425 -2445 2423 0
-2428 -2274 2430 0
-2429 -2281 2430 0
-2430 -2332 2431 0
-2430 -2330 2429 0
-2430 -2329 2428 0
-2431 -2382 2430 0
-2434 -2531 2433 0
-2437 -2408 2439 0
-2439 -2441 2437 0
-2439 -2440 2436 0
-2440 -2403 2442 0
-2442 -2436 2440 0
-2444 -2371 2446 0
-2444 -2370 2445 0
-2445 -2418 2444 0
-2446 -2422 2444 0
-2449 -2461 2452 0
-2449 -2460 2451 0
-2452 -2522 2453 0
-2452 -2518 2449 0
-2453 -2579 2455 0
-2453 -2578 2454 0
-2453 -2576 2452 0
-2453 -2575 2451 0
-2454 -2661 2453 0
-2455 -2673 2456 0
-2455 -2670 2453 0
-2456 -2755 2455 0
-2457 -2451 2460 0
-2457 -2450 2459 0
-2459 -2499 2457 0
-2460 -2508 2457 0
-2462 -2579 2464 0
-2462 -2578 2463 0
-2462 -2576 2461 0
-2462 -2575 2460 0
-2463 -2661 2462 0
-2464 -2673 2465 0
-2464 -2670 2462 0
-2465 -2755 2464 0
-2466 -2274 2468 0
-2467 -2281 2468 0
-2468 -2332 2469 0
-2468 -2330 2467 0
-2468 -2329 2466 0
-2469 -2384 2470 0
-2469 -2382 2468 0
-2470 -2431 2469 0
-2475 -2585 2477 0
-2476 -2592 2478 0
-2476 -2591 2477 0
-2476 -2588 2474 0
-2477 -2678 2476 0
-2477 -2677 2475 0
-2478 -2684 2476 0
-2480 -2547 2484 0
-2480 -2546 2483 0
-2481 -2555 2485 0
-2481 -2554 2484 0
-2483 -2595 2480 0
-2484 -2605 2481 0
-2484 -2604 2480 0
-2485 -2613 2482 0
-2485 -2612 2481 0
-2489 -2622 2491 0
-2489 -2619 2488 0
-2490 -2624 2488 0
-2491 -2694 2489 0
-2493 -2497 2494 0
-2495 -2494 2497 0
-2497 -2569 2495 0
-2500 -2461 2503 0
-2500 -2460 2502 0
-2502 -2513 2504 0
-2502 -2509 2500 0
-2502 -2508 2499 0
-2503 -2522 2504 0
-2503 -2518 2500 0
-2504 -2579 2506 0
-2504 -2578 2505 0
-2504 -2576 2503 0
-2504 -2575 2502 0
-2505 -2661 2504 0
-2506 -2673 2507 0
-2506 -2670 2504 0
-2507 -2755 2506 0
-2508 -2450 2510 0
-2510 -2499 2508 0
-2512 -2522 2513 0
-2512 -2518 2509 0
-2514 -2661 2513 0
-2515 -2673 2516 0
-2515 -2670 2513 0
-2516 -2755 2515 0
-2517 -2451 2520 0
-2517 -2450 2519 0
-2518 -2460 2520 0
-2519 -2499 2517 0
-2520 -2513 2522 0
-2520 -2509 2518 0
-2520 -2508 2517 0
-2522 -2575 2520 0
-2523 -2661 2522 0
-2524 -2673 2525 0
-2524 -2670 2522 0
-2525 -2755 2524 0
-2526 -2274 2528 0
-2527 -2281 2528 0
-2528 -2332 2529 0
-2528 -2330 2527 0
-2528 -2329 2526 0
-2529 -2384 2530 0
-2529 -2382 2528 0
-2530 -2433 2531 0
-2530 -2431 2529 0
-2531 -2470 2530 0
-2535 -2585 2537 0
-2537 -2678 2536 0
-2537 -2677 2535 0
-2538 -2684 2536 0
-2542 -2482 2545 0
-2544 -2555 2548 0
-2544 -2554 2547 0
-2545 -2562 2548 0
-2545 -2556 2542 0
-2548 -2613 2545 0
-2548 -2612 2544 0
-2549 -2482 2552 0
-2550 -2547 2554 0
-2550 -2546 2553 0
-2552 -2562 2555 0
-2552 -2556 2549 0
-2553 -2595 2550 0
-2554 -2604 2550 0
-2557 -2547 2561 0
-2557 -2546 2560 0
-2558 -2555 2562 0
-2558 -2554 2561 0
-2560 -2595 2557 0
-2561 -2605 2558 0
-2561 -2604 2557 0
-2562 -2612 2558 0
-2567 -2694 2565 0
-2572 -2451 2575 0
-2572 -2450 2574 0
-2573 -2461 2576 0
-2573 -2460 2575 0
-2574 -2499 2572 0
-2575 -2509 2573 0
-2575 -2508 2572 0
-2576 -2518 2573 0
-2580 -2755 2579 0
-2581 -2474 2582 0
-2582 -2536 2584 0
-2582 -2533 2581 0
-2584 -2592 2586 0
-2584 -2591 2585 0
-2584 -2588 2582 0
-2586 -2684 2584 0
-2587 -2474 2588 0
-2588 -2533 2587 0
-2589 -2585 2591 0
-2591 -2677 2589 0
-2594 -2482 2597 0
-2596 -2555 2600 0
-2596 -2554 2599 0
-2597 -2562 2600 0
-2597 -2556 2594 0
-2599 -2605 2596 0
-2599 -2604 2595 0
-2600 -2613 2597 0
-2600 -2612 2596 0
-2603 -2482 2606 0
-2604 -2546 2607 0
-2606 -2562 2609 0
-2606 -2556 2603 0
-2607 -2595 2604 0
-2609 -2613 2606 0
-2609 -2612 2605 0
-2610 -2482 2613 0
-2611 -2547 2615 0
-2611 -2546 2614 0
-2612 -2554 2615 0
-2613 -2556 2610 0
-2614 -2595 2611 0
-2615 -2605 2612 0
-2615 -2604 2611 0
-2618 -2488 2619 0
-2619 -2563 2618 0
-2621 -2624 2619 0
-2623 -2488 2624 0
-2624 -2565 2625 0
-2624 -2563 2623 0
-2625 -2622 2627 0
-2625 -2619 2624 0
-2627 -2694 2625 0
-2630 -2732 2633 0
-2631 -2779 2634 0
-2631 -2774 2629 0
-2632 -2803 2635 0
-2632 -2802 2634 0
-2632 -2797 2629 0
-2633 -2820 2636 0
-2633 -2819 2635 0
-2633 -2814 2630 0
-2634 -2881 2632 0
-2634 -2880 2631 0
-2635 -2902 2637 0
-2635 -2898 2633 0
-2635 -2897 2632 0
-2636 -2918 2637 0
-2636 -2914 2633 0
-2637 -2974 2638 0
-2637 -2972 2636 0
-2637 -2971 2635 0
-2638 -3032 2639 0
-2638 -3030 2637 0
-2639 -3092 2642 0
-2639 -3091 2641 0
-2639 -3088 2638 0
-2640 -3156 2643 0
-2641 -3172 2643 0
-2641 -3168 2639 0
-2642 -3184 2639 0
-2643 -3271 2641 0
-2643 -3270 2640 0
-2645 -2700 2647 0
-2647 -2794 2649 0
-2647 -2791 2646 0
-2647 -2790 2645 0
-2648 -2869 2650 0
-2649 -2876 2650 0
-2649 -2873 2647 0
-2650 -2962 2649 0
-2650 -2961 2648 0
-2653 -2830 2652 0
-2654 -2838 2655 0
-2654 -2835 2652 0
-2655 -2928 2654 0
-2656 -2451 2659 0
-2656 -2450 2658 0
-2657 -2461 2660 0
-2657 -2460 2659 0
-2658 -2499 2656 0
-2659 -2513 2661 0
-2659 -2509 2657 0
-2659 -2508 2656 0
-2660 -2522 2661 0
-2660 -2518 2657 0
-2661 -2576 2660 0
-2661 -2575 2659 0
-2663 -2673 2664 0
-2663 -2670 2661 0
-2664 -2755 2663 0
-2665 -2451 2668 0
-2665 -2450 2667 0
-2666 -2461 2669 0
-2666 -2460 2668 0
-2667 -2499 2665 0
-2668 -2513 2670 0
-2668 -2509 2666 0
-2668 -2508 2665 0
-2669 -2522 2670 0
-2669 -2518 2666 0
-2670 -2578 2671 0
-2670 -2576 2669 0
-2670 -2575 2668 0
-2671 -2661 2670 0
-2675 -2474 2676 0
-2676 -2536 2678 0
-2676 -2533 2675 0
-2678 -2588 2676 0
-2680 -2684 2678 0
-2681 -2474 2682 0
-2682 -2536 2684 0
-2682 -2533 2681 0
-2683 -2585 2685 0
-2684 -2591 2685 0
-2684 -2588 2682 0
-2685 -2678 2684 0
-2685 -2677 2683 0
-2689 -2769 2690 0
-2690 -2857 2691 0
-2690 -2855 2689 0
-2690 -2854 2688 0
-2691 -2948 2690 0
-2692 -2488 2693 0
-2693 -2566 2695 0
-2693 -2565 2694 0
-2693 -2563 2692 0
-2694 -2619 2693 0
-2695 -2624 2693 0
-2697 -2646 2699 0
-2699 -2723 2700 0
-2699 -2720 2697 0
-2701 -2869 2703 0
-2702 -2876 2703 0
-2702 -2873 2700 0
-2703 -2962 2702 0
-2703 -2961 2701 0
-2706 -2732 2709 0
-2709 -2820 2712 0
-2709 -2819 2711 0
-2709 -2814 2706 0
-2710 -2881 2708 0
-2710 -2880 2707 0
-2711 -2902 2713 0
-2711 -2898 2709 0
-2711 -2897 2708 0
-2712 -2918 2713 0
-2712 -2914 2709 0
-2713 -2974 2714 0
-2713 -2972 2712 0
-2713 -2971 2711 0
-2714 -3032 2715 0
-2714 -3030 2713 0
-2715 -3092 2718 0
-2715 -3091 2717 0
-2715 -3088 2714 0
-2716 -3156 2719 0
-2717 -3172 2719 0
-2717 -3168 2715 0
-2718 -3184 2715 0
-2719 -3271 2717 0
-2719 -3270 2716 0
-2721 -2700 2723 0
-2723 -2790 2721 0
-2724 -2869 2726 0
-2725 -2876 2726 0
-2725 -2873 2723 0
-2726 -2962 2725 0
-2726 -2961 2724 0
-2727 -2629 2728 0
-2728 -2708 2731 0
-2728 -2707 2730 0
-2728 -2704 2727 0
-2730 -2779 2733 0
-2730 -2774 2728 0
-2731 -2803 2734 0
-2731 -2802 2733 0
-2731 -2797 2728 0
-2733 -2881 2731 0
-2733 -2880 2730 0
-2734 -2902 2736 0
-2734 -2898 2732 0
-2734 -2897 2731 0
-2735 -2918 2736 0
-2735 -2914 2732 0
-2736 -2974 2737 0
-2736 -2972 2735 0
-2736 -2971 2734 0
-2737 -3032 2738 0
-2737 -3030 2736 0
-2738 -3092 2741 0
-2738 -3091 2740 0
-2738 -3088 2737 0
-2739 -3156 2742 0
-2740 -3172 2742 0
-2740 -3168 2738 0
-2741 -3184 2738 0
-2742 -3271 2740 0
-2742 -3270 2739 0
-2747 -2928 2746 0
-2748 -2451 2751 0
-2748 -2450 2750 0
-2749 -2461 2752 0
-2749 -2460 2751 0
-2750 -2499 2748 0
-2751 -2513 2753 0
-2751 -2509 2749 0
-2751 -2508 2748 0
-2752 -2522 2753 0
-2752 -2518 2749 0
-2753 -2579 2755 0
-2753 -2578 2754 0
-2753 -2576 2752 0
-2753 -2575 2751 0
-2754 -2661 2753 0
-2755 -2670 2753 0
-2763 -2769 2764 0
-2765 -2948 2764 0
-2766 -2688 2767 0
-2767 -2764 2769 0
-2767 -2761 2766 0
-2769 -2854 2767 0
-2770 -2948 2769 0
-2773 -2629 2774 0
-2774 -2704 2773 0
-2775 -2732 2778 0
-2777 -2803 2780 0
-2777 -2802 2779 0
-2777 -2797 2774 0
-2778 -2820 2781 0
-2778 -2819 2780 0
-2778 -2814 2775 0
-2780 -2902 2782 0
-2780 -2898 2778 0
-2780 -2897 2777 0
-2781 -2918 2782 0
-2781 -2914 2778 0
-2782 -2974 2783 0
-2782 -2972 2781 0
-2782 -2971 2780 0
-2783 -3032 2784 0
-2783 -3030 2782 0
-2784 -3092 2787 0
-2784 -3091 2786 0
-2784 -3088 2783 0
-2785 -3156 2788 0
-2786 -3172 2788 0
-2786 -3168 2784 0
-2787 -3184 2784 0
-2788 -3271 2786 0
-2788 -3270 2785 0
-2789 -2646 2791 0
-2791 -2720 2789 0
-2793 -2869 2795 0
-2795 -2962 2794 0
-2795 -2961 2793 0
-2796 -2629 2797 0
-2797 -2707 2799 0
-2797 -2704 2796 0
-2798 -2732 2801 0
-2799 -2779 2802 0
-2799 -2774 2797 0
-2801 -2820 2804 0
-2801 -2819 2803 0
-2801 -2814 2798 0
-2802 -2880 2799 0
-2804 -2918 2805 0
-2804 -2914 2801 0
-2805 -2974 2806 0
-2805 -2972 2804 0
-2805 -2971 2803 0
-2806 -3032 2807 0
-2806 -3030 2805 0
-2807 -3092 2810 0
-2807 -3091 2809 0
-2807 -3088 2806 0
-2808 -3156 2811 0
-2809 -3172 2811 0
-2809 -3168 2807 0
-2810 -3184 2807 0
-2811 -3271 2809 0
-2811 -3270 2808 0
-2812 -2629 2813 0
-2813 -2708 2816 0
-2813 -2707 2815 0
-2813 -2704 2812 0
-2815 -2779 2818 0
-2815 -2774 2813 0
-2816 -2803 2819 0
-2816 -2802 2818 0
-2816 -2797 2813 0
-2818 -2881 2816 0
-2818 -2880 2815 0
-2819 -2897 2816 0
-2821 -2974 2822 0
-2821 -2972 2820 0
-2821 -2971 2819 0
-2822 -3032 2823 0
-2822 -3030 2821 0
-2823 -3092 2826 0
-2823 -3091 2825 0
-2823 -3088 2822 0
-2824 -3156 2827 0
-2825 -3172 2827 0
-2825 -3168 2823 0
-2826 -3184 2823 0
-2827 -3271 2825 0
-2827 -3270 2824 0
-2829 -2652 2830 0
-2830 -2743 2829 0
-2832 -2838 2833 0
-2832 -2835 2830 0
-2833 -2928 2832 0
-2834 -2652 2835 0
-2835 -2745 2836 0
-2835 -2743 2834 0
-2836 -2830 2835 0
-2840 -2847 2842 0
-2843 -3007 2842 0
-2843 -3006 2841 0
-2844 -2842 2847 0
-2844 -2841 2846 0
-2846 -2934 2848 0
-2846 -2930 2844 0
-2847 -2935 2844 0
-2848 -3007 2847 0
-2848 -3006 2846 0
-2853 -2688 2854 0
-2854 -2761 2853 0
-2860 -3016 2859 0
-2863 -2646 2865 0
-2864 -2700 2866 0
-2865 -2723 2866 0
-2865 -2720 2863 0
-2866 -2794 2868 0
-2866 -2791 2865 0
-2866 -2790 2864 0
-2868 -2876 2869 0
-2868 -2873 2866 0
-2870 -2646 2872 0
-2871 -2700 2873 0
-2872 -2723 2873 0
-2872 -2720 2870 0
-2873 -2791 2872 0
-2873 -2790 2871 0
-2874 -2869 2876 0
-2876 -2961 2874 0
-2877 -2629 2878 0
-2878 -2708 2881 0
-2878 -2707 2880 0
-2878 -2704 2877 0
-2879 -2732 2882 0
-2880 -2774 2878 0
-2881 -2797 2878 0
-2882 -2820 2885 0
-2882 -2819 2884 0
-2882 -2814 2879 0
-2884 -2902 2886 0
-2884 -2898 2882 0
-2884 -2897 2881 0
-2885 -2918 2886 0
-2885 -2914 2882 0
-2886 -2974 2887 0
-2886 -2972 2885 0
-2886 -2971 2884 0
-2887 -3032 2888 0
-2887 -3030 2886 0
-2888 -3092 2891 0
-2888 -3091 2890 0
-2888 -3088 2887 0
-2889 -3156 2892 0
-2890 -3172 2892 0
-2890 -3168 2888 0
-2891 -3184 2888 0
-2892 -3271 2890 0
-2892 -3270 2889 0
-2893 -2629 2894 0
-2894 -2708 2897 0
-2894 -2707 2896 0
-2894 -2704 2893 0
-2895 -2732 2898 0
-2896 -2779 2899 0
-2896 -2774 2894 0
-2897 -2802 2899 0
-2897 -2797 2894 0
-2898 -2814 2895 0
-2899 -2881 2897 0
-2899 -2880 2896 0
-2901 -2918 2902 0
-2901 -2914 2898 0
-2903 -3032 2904 0
-2903 -3030 2902 0
-2904 -3092 2907 0
-2904 -3091 2906 0
-2904 -3088 2903 0
-2905 -3156 2908 0
-2906 -3172 2908 0
-2906 -3168 2904 0
-2907 -3184 2904 0
-2908 -3271 2906 0
-2908 -3270 2905 0
-2909 -2629 2910 0
-2910 -2708 2913 0
-2910 -2707 2912 0
-2910 -2704 2909 0
-2911 -2732 2914 0
-2912 -2779 2915 0
-2912 -2774 2910 0
-2913 -2803 2916 0
-2913 -2802 2915 0
-2913 -2797 2910 0
-2914 -2819 2916 0
-2914 -2814 2911 0
-2915 -2881 2913 0
-2915 -2880 2912 0
-2916 -2902 2918 0
-2916 -2898 2914 0
-2916 -2897 2913 0
-2918 -2971 2916 0
-2919 -3032 2920 0
-2919 -3030 2918 0
-2920 -3092 2923 0
-2920 -3091 2922 0
-2920 -3088 2919 0
-2921 -3156 2924 0
-2922 -3172 2924 0
-2922 -3168 2920 0
-2923 -3184 2920 0
-2924 -3271 2922 0
-2924 -3270 2921 0
-2925 -2652 2926 0
-2926 -2746 2928 0
-2926 -2745 2927 0
-2926 -2743 2925 0
-2927 -2830 2926 0
-2928 -2835 2926 0
-2931 -2847 2933 0
-2933 -2939 2934 0
-2933 -2936 2931 0
-2933 -2935 2930 0
-2935 -2841 2937 0
-2937 -2934 2939 0
-2937 -2930 2935 0
-2939 -3006 2937 0
-2942 -3070 2941 0
-2945 -2688 2946 0
-2946 -2764 2948 0
-2946 -2761 2945 0
-2947 -2769 2948 0
-2948 -2855 2947 0
-2948 -2854 2946 0
-2957 -2646 2959 0
-2958 -2700 2960 0
-2959 -2723 2960 0
-2959 -2720 2957 0
-2960 -2794 2962 0
-2960 -2791 2959 0
-2960 -2790 2958 0
-2962 -2873 2960 0
-2964 -2629 2965 0
-2965 -2708 2968 0
-2965 -2707 2967 0
-2965 -2704 2964 0
-2966 -2732 2969 0
-2967 -2779 2970 0
-2967 -2774 2965 0
-2968 -2803 2971 0
-2968 -2802 2970 0
-2968 -2797 2965 0
-2969 -2820 2972 0
-2969 -2819 2971 0
-2969 -2814 2966 0
-2970 -2881 2968 0
-2970 -2880 2967 0
-2971 -2898 2969 0
-2971 -2897 2968 0
-2972 -2914 2969 0
-2975 -3092 2978 0
-2975 -3091 2977 0
-2975 -3088 2974 0
-2976 -3156 2979 0
-2977 -3172 2979 0
-2977 -3168 2975 0
-2978 -3184 2975 0
-2979 -3271 2977 0
-2979 -3270 2976 0
-2982 -3097 2983 0
-2982 -3095 2981 0
-2983 -3194 2985 0
-2983 -3191 2982 0
-2984 -3214 2985 0
-2985 -3281 2987 0
-2985 -3280 2986 0
-2985 -3278 2984 0
-2985 -3277 2983 0
-2986 -3351 2990 0
-2986 -3346 2985 0
-2987 -3371 2991 0
-2987 -3365 2985 0
-2988 -3391 2992 0
-2988 -3390 2991 0
-2989 -3447 2993 0
-2990 -3467 2994 0
-2990 -3459 2986 0
-2991 -3480 2988 0
-2991 -3479 2987 0
-2992 -3499 2988 0
-2993 -3561 2995 0
-2993 -3555 2989 0
-2994 -3581 2996 0
-2994 -3575 2990 0
-2995 -3634 2997 0
-2995 -3630 2993 0
-2996 -3654 2998 0
-2996 -3653 2997 0
-2996 -3650 2994 0
-2997 -3703 2996 0
-2997 -3702 2995 0
-2998 -3722 2996 0
-3001 -3114 3000 0
-3004 -2842 3007 0
-3004 -2841 3006 0
-3005 -2847 3007 0
-3006 -2930 3004 0
-3007 -2936 3005 0
-3007 -2935 3004 0
-3015 -2859 3016 0
-3016 -2952 3015 0
-3020 -3139 3019 0
-3021 -2629 3022 0
-3022 -2708 3025 0
-3022 -2707 3024 0
-3022 -2704 3021 0
-3023 -2732 3026 0
-3024 -2779 3027 0
-3024 -2774 3022 0
-3025 -2803 3028 0
-3025 -2802 3027 0
-3025 -2797 3022 0
-3026 -2820 3029 0
-3026 -2819 3028 0
-3026 -2814 3023 0
-3027 -2881 3025 0
-3027 -2880 3024 0
-3028 -2902 3030 0
-3028 -2898 3026 0
-3028 -2897 3025 0
-3029 -2918 3030 0
-3029 -2914 3026 0
-3030 -2972 3029 0
-3030 -2971 3028 0
-3033 -3156 3036 0
-3034 -3172 3036 0
-3034 -3168 3032 0
-3035 -3184 3032 0
-3036 -3271 3034 0
-3036 -3270 3033 0
-3040 -3194 3042 0
-3040 -3191 3039 0
-3041 -3214 3042 0
-3042 -3281 3044 0
-3042 -3280 3043 0
-3042 -3278 3041 0
-3042 -3277 3040 0
-3043 -3351 3047 0
-3043 -3346 3042 0
-3044 -3371 3048 0
-3044 -3365 3042 0
-3045 -3391 3049 0
-3045 -3390 3048 0
-3046 -3447 3050 0
-3047 -3467 3051 0
-3047 -3459 3043 0
-3048 -3480 3045 0
-3048 -3479 3044 0
-3049 -3499 3045 0
-3050 -3561 3052 0
-3050 -3555 3046 0
-3051 -3581 3053 0
-3051 -3575 3047 0
-3052 -3634 3054 0
-3052 -3630 3050 0
-3053 -3654 3055 0
-3053 -3653 3054 0
-3053 -3650 3051 0
-3054 -3703 3053 0
-3054 -3702 3052 0
-3055 -3722 3053 0
-3062 -3230 3061 0
-3069 -2941 3070 0
-3070 -3012 3069 0
-3078 -2629 3079 0
-3079 -2708 3082 0
-3079 -2707 3081 0
-3079 -2704 3078 0
-3080 -2732 3083 0
-3081 -2779 3084 0
-3081 -2774 3079 0
-3082 -2803 3085 0
-3082 -2802 3084 0
-3082 -2797 3079 0
-3083 -2820 3086 0
-3083 -2819 3085 0
-3083 -2814 3080 0
-3084 -2881 3082 0
-3084 -2880 3081 0
-3085 -2902 3087 0
-3085 -2898 3083 0
-3085 -2897 3082 0
-3086 -2918 3087 0
-3086 -2914 3083 0
-3087 -2974 3088 0
-3087 -2972 3086 0
-3087 -2971 3085 0
-3088 -3030 3087 0
-3090 -3156 3093 0
-3093 -3271 3091 0
-3093 -3270 3090 0
-3094 -2981 3095 0
-3095 -3037 3094 0
-3098 -3214 3099 0
-3099 -3281 3101 0
-3099 -3280 3100 0
-3099 -3278 3098 0
-3099 -3277 3097 0
-3100 -3351 3104 0
-3100 -3346 3099 0
-3101 -3371 3105 0
-3101 -3365 3099 0
-3102 -3391 3106 0
-3102 -3390 3105 0
-3103 -3447 3107 0
-3104 -3467 3108 0
-3104 -3459 3100 0
-3105 -3480 3102 0
-3105 -3479 3101 0
-3106 -3499 3102 0
-3107 -3561 3109 0
-3107 -3555 3103 0
-3108 -3581 3110 0
-3108 -3575 3104 0
-3109 -3634 3111 0
-3109 -3630 3107 0
-3110 -3654 3112 0
-3110 -3653 3111 0
-3110 -3650 3108 0
-3111 -3703 3110 0
-3111 -3702 3109 0
-3112 -3722 3110 0
-3113 -3000 3114 0
-3114 -3056 3113 0
-3121 -3305 3120 0
-3124 -3130 3125 0
-3126 -3315 3125 0
-3127 -3320 3125 0
-3128 -3125 3130 0
-3130 -3240 3128 0
-3131 -3315 3130 0
-3132 -3320 3130 0
-3137 -3334 3136 0
-3138 -3019 3139 0
-3139 -3074 3138 0
-3141 -2629 3142 0
-3142 -2708 3145 0
-3142 -2707 3144 0
-3142 -2704 3141 0
-3143 -2732 3146 0
-3144 -2779 3147 0
-3144 -2774 3142 0
-3145 -2803 3148 0
-3145 -2802 3147 0
-3145 -2797 3142 0
-3146 -2820 3149 0
-3146 -2819 3148 0
-3146 -2814 3143 0
-3147 -2881 3145 0
-3147 -2880 3144 0
-3148 -2902 3150 0
-3148 -2898 3146 0
-3148 -2897 3145 0
-3149 -2918 3150 0
-3149 -2914 3146 0
-3150 -2974 3151 0
-3150 -2972 3149 0
-3150 -2971 3148 0
-3151 -3032 3152 0
-3151 -3030 3150 0
-3152 -3092 3155 0
-3152 -3091 3154 0
-3152 -3088 3151 0
-3154 -3172 3156 0
-3154 -3168 3152 0
-3155 -3184 3152 0
-3157 -2629 3158 0
-3158 -2708 3161 0
-3158 -2707 3160 0
-3158 -2704 3157 0
-3159 -2732 3162 0
-3160 -2779 3163 0
-3160 -2774 3158 0
-3161 -2803 3164 0
-3161 -2802 3163 0
-3161 -2797 3158 0
-3162 -2820 3165 0
-3162 -2819 3164 0
-3162 -2814 3159 0
-3163 -2881 3161 0
-3163 -2880 3160 0
-3164 -2902 3166 0
-3164 -2898 3162 0
-3164 -2897 3161 0
-3165 -2918 3166 0
-3165 -2914 3162 0
-3166 -2974 3167 0
-3166 -2972 3165 0
-3166 -2971 3164 0
-3167 -3032 3168 0
-3167 -3030 3166 0
-3168 -3088 3167 0
-3169 -3156 3172 0
-3171 -3184 3168 0
-3172 -3270 3169 0
-3173 -2629 3174 0
-3174 -2708 3177 0
-3174 -2707 3176 0
-3174 -2704 3173 0
-3175 -2732 3178 0
-3176 -2779 3179 0
-3176 -2774 3174 0
-3177 -2803 3180 0
-3177 -2802 3179 0
-3177 -2797 3174 0
-3178 -2820 3181 0
-3178 -2819 3180 0
-3178 -2814 3175 0
-3179 -2881 3177 0
-3179 -2880 3176 0
-3180 -2902 3182 0
-3180 -2898 3178 0
-3180 -2897 3177 0
-3181 -2918 3182 0
-3181 -2914 3178 0
-3182 -2974 3183 0
-3182 -2972 3181 0
-3182 -2971 3180 0
-3183 -3032 3184 0
-3183 -3030 3182 0
-3184 -3091 3186 0
-3184 -3088 3183 0
-3185 -3156 3188 0
-3186 -3172 3188 0
-3186 -3168 3184 0
-3188 -3271 3186 0
-3188 -3270 3185 0
-3189 -2981 3190 0
-3190 -3039 3191 0
-3190 -3037 3189 0
-3191 -3095 3190 0
-3193 -3214 3194 0
-3195 -3351 3199 0
-3195 -3346 3194 0
-3196 -3371 3200 0
-3196 -3365 3194 0
-3197 -3391 3201 0
-3197 -3390 3200 0
-3198 -3447 3202 0
-3199 -3467 3203 0
-3199 -3459 3195 0
-3200 -3480 3197 0
-3200 -3479 3196 0
-3201 -3499 3197 0
-3202 -3561 3204 0
-3202 -3555 3198 0
-3203 -3581 3205 0
-3203 -3575 3199 0
-3204 -3634 3206 0
-3204 -3630 3202 0
-3205 -3654 3207 0
-3205 -3653 3206 0
-3205 -3650 3203 0
-3206 -3703 3205 0
-3206 -3702 3204 0
-3207 -3722 3205 0
-3209 -2981 3210 0
-3210 -3039 3211 0
-3210 -3037 3209 0
-3211 -3097 3212 0
-3211 -3095 3210 0
-3212 -3194 3214 0
-3212 -3191 3211 0
-3214 -3277 3212 0
-3215 -3351 3219 0
-3215 -3346 3214 0
-3216 -3371 3220 0
-3216 -3365 3214 0
-3217 -3391 3221 0
-3217 -3390 3220 0
-3218 -3447 3222 0
-3219 -3467 3223 0
-3219 -3459 3215 0
-3220 -3480 3217 0
-3220 -3479 3216 0
-3221 -3499 3217 0
-3222 -3561 3224 0
-3222 -3555 3218 0
-3223 -3581 3225 0
-3223 -3575 3219 0
-3224 -3634 3226 0
-3224 -3630 3222 0
-3225 -3654 3227 0
-3225 -3653 3226 0
-3225 -3650 3223 0
-3226 -3703 3225 0
-3226 -3702 3224 0
-3227 -3722 3225 0
-3229 -3061 3230 0
-3230 -3116 3229 0
-3239 -3419 3238 0
-3251 -3422 3249 0
-3258 -2629 3259 0
-3259 -2708 3262 0
-3259 -2707 3261 0
-3259 -2704 3258 0
-3260 -2732 3263 0
-3261 -2779 3264 0
-3261 -2774 3259 0
-3262 -2803 3265 0
-3262 -2802 3264 0
-3262 -2797 3259 0
-3263 -2820 3266 0
-3263 -2819 3265 0
-3263 -2814 3260 0
-3264 -2881 3262 0
-3264 -2880 3261 0
-3265 -2902 3267 0
-3265 -2898 3263 0
-3265 -2897 3262 0
-3266 -2918 3267 0
-3266 -2914 3263 0
-3267 -2974 3268 0
-3267 -2972 3266 0
-3267 -2971 3265 0
-3268 -3032 3269 0
-3268 -3030 3267 0
-3269 -3092 3272 0
-3269 -3091 3271 0
-3269 -3088 3268 0
-3271 -3168 3269 0
-3272 -3184 3269 0
-3274 -2981 3275 0
-3275 -3039 3276 0
-3275 -3037 3274 0
-3276 -3097 3277 0
-3276 -3095 3275 0
-3277 -3191 3276 0
-3282 -3391 3286 0
-3282 -3390 3285 0
-3283 -3447 3287 0
-3284 -3467 3288 0
-3284 -3459 3280 0
-3285 -3480 3282 0
-3285 -3479 3281 0
-3286 -3499 3282 0
-3287 -3561 3289 0
-3287 -3555 3283 0
-3288 -3581 3290 0
-3288 -3575 3284 0
-3289 -3634 3291 0
-3289 -3630 3287 0
-3290 -3654 3292 0
-3290 -3653 3291 0
-3290 -3650 3288 0
-3291 -3703 3290 0
-3291 -3702 3289 0
-3292 -3722 3290 0
-3297 -3515 3299 0
-3297 -3512 3296 0
-3297 -3511 3295 0
-3298 -3526 3300 0
-3298 -3525 3299 0
-3298 -3522 3296 0
-3299 -3592 3302 0
-3299 -3591 3301 0
-3299 -3588 3298 0
-3299 -3587 3297 0
-3300 -3602 3302 0
-3300 -3598 3298 0
-3301 -3665 3303 0
-3301 -3661 3299 0
-3302 -3675 3303 0
-3302 -3672 3300 0
-3302 -3671 3299 0
-3303 -3734 3302 0
-3303 -3733 3301 0
-3304 -3120 3305 0
-3305 -3232 3304 0
-3313 -3125 3315 0
-3314 -3130 3315 0
-3315 -3241 3314 0
-3315 -3240 3313 0
-3317 -3320 3315 0
-3318 -3125 3320 0
-3319 -3130 3320 0
-3320 -3243 3321 0
-3320 -3241 3319 0
-3320 -3240 3318 0
-3321 -3315 3320 0
-3327 -3329 3325 0
-3329 -3249 3330 0
-3330 -3328 3332 0
-3330 -3325 3329 0
-3332 -3422 3330 0
-3333 -3136 3334 0
-3334 -3252 3333 0
-3338 -3538 3337 0
-3341 -2981 3342 0
-3342 -3039 3343 0
-3342 -3037 3341 0
-3343 -3097 3344 0
-3343 -3095 3342 0
-3344 -3194 3346 0
-3344 -3191 3343 0
-3345 -3214 3346 0
-3346 -3278 3345 0
-3346 -3277 3344 0
-3348 -3371 3352 0
-3348 -3365 3346 0
-3349 -3391 3353 0
-3349 -3390 3352 0
-3350 -3447 3354 0
-3352 -3480 3349 0
-3352 -3479 3348 0
-3353 -3499 3349 0
-3354 -3561 3356 0
-3354 -3555 3350 0
-3355 -3581 3357 0
-3355 -3575 3351 0
-3356 -3634 3358 0
-3356 -3630 3354 0
-3357 -3654 3359 0
-3357 -3653 3358 0
-3357 -3650 3355 0
-3358 -3703 3357 0
-3358 -3702 3356 0
-3359 -3722 3357 0
-3360 -2981 3361 0
-3361 -3039 3362 0
-3361 -3037 3360 0
-3362 -3097 3363 0
-3362 -3095 3361 0
-3363 -3194 3365 0
-3363 -3191 3362 0
-3364 -3214 3365 0
-3365 -3280 3366 0
-3365 -3278 3364 0
-3365 -3277 3363 0
-3366 -3351 3370 0
-3366 -3346 3365 0
-3368 -3391 3372 0
-3368 -3390 3371 0
-3369 -3447 3373 0
-3370 -3467 3374 0
-3370 -3459 3366 0
-3372 -3499 3368 0
-3373 -3561 3375 0
-3373 -3555 3369 0
-3374 -3581 3376 0
-3374 -3575 3370 0
-3375 -3634 3377 0
-3375 -3630 3373 0
-3376 -3654 3378 0
-3376 -3653 3377 0
-3376 -3650 3374 0
-3377 -3703 3376 0
-3377 -3702 3375 0
-3378 -3722 3376 0
-3379 -2981 3380 0
-3380 -3039 3381 0
-3380 -3037 3379 0
-3381 -3097 3382 0
-3381 -3095 3380 0
-3382 -3194 3384 0
-3382 -3191 3381 0
-3383 -3214 3384 0
-3384 -3281 3386 0
-3384 -3280 3385 0
-3384 -3278 3383 0
-3384 -3277 3382 0
-3385 -3351 3389 0
-3385 -3346 3384 0
-3386 -3371 3390 0
-3386 -3365 3384 0
-3388 -3447 3392 0
-3389 -3467 3393 0
-3389 -3459 3385 0
-3390 -3479 3386 0
-3392 -3561 3394 0
-3392 -3555 3388 0
-3393 -3581 3395 0
-3393 -3575 3389 0
-3394 -3634 3396 0
-3394 -3630 3392 0
-3395 -3654 3397 0
-3395 -3653 3396 0
-3395 -3650 3393 0
-3396 -3703 3395 0
-3396 -3702 3394 0
-3397 -3722 3395 0
-3400 -3412 3402 0
-3400 -3411 3401 0
-3400 -3408 3398 0
-3402 -3526 3404 0
-3402 -3525 3403 0
-3402 -3522 3400 0
-3403 -3592 3406 0
-3403 -3591 3405 0
-3403 -3588 3402 0
-3403 -3587 3401 0
-3404 -3602 3406 0
-3404 -3598 3402 0
-3405 -3665 3407 0
-3405 -3661 3403 0
-3406 -3675 3407 0
-3406 -3672 3404 0
-3406 -3671 3403 0
-3407 -3734 3406 0
-3407 -3733 3405 0
-3408 -3295 3409 0
-3409 -3401 3411 0
-3409 -3398 3408 0
-3411 -3511 3409 0
-3413 -3592 3416 0
-3413 -3591 3415 0
-3413 -3588 3412 0
-3413 -3587 3411 0
-3414 -3602 3416 0
-3414 -3598 3412 0
-3415 -3665 3417 0
-3415 -3661 3413 0
-3416 -3675 3417 0
-3416 -3672 3414 0
-3416 -3671 3413 0
-3417 -3734 3416 0
-3417 -3733 3415 0
-3418 -3238 3419 0
-3419 -3310 3418 0
-3421 -3250 3423 0
-3421 -3249 3422 0
-3422 -3325 3421 0
-3423 -3329 3421 0
-3430 -3607 3429 0
-3434 -2981 3435 0
-3435 -3039 3436 0
-3435 -3037 3434 0
-3436 -3097 3437 0
-3436 -3095 3435 0
-3437 -3194 3439 0
-3437 -3191 3436 0
-3438 -3214 3439 0
-3439 -3281 3441 0
-3439 -3280 3440 0
-3439 -3278 3438 0
-3439 -3277 3437 0
-3440 -3351 3444 0
-3440 -3346 3439 0
-3441 -3371 3445 0
-3441 -3365 3439 0
-3442 -3391 3446 0
-3442 -3390 3445 0
-3444 -3467 3448 0
-3444 -3459 3440 0
-3445 -3480 3442 0
-3445 -3479 3441 0
-3446 -3499 3442 0
-3448 -3581 3450 0
-3448 -3575 3444 0
-3449 -3634 3451 0
-3449 -3630 3447 0
-3450 -3654 3452 0
-3450 -3653 3451 0
-3450 -3650 3448 0
-3451 -3703 3450 0
-3451 -3702 3449 0
-3452 -3722 3450 0
-3453 -2981 3454 0
-3454 -3039 3455 0
-3454 -3037 3453 0
-3455 -3097 3456 0
-3455 -3095 3454 0
-3456 -3194 3458 0
-3456 -3191 3455 0
-3457 -3214 3458 0
-3458 -3281 3460 0
-3458 -3280 3459 0
-3458 -3278 3457 0
-3458 -3277 3456 0
-3459 -3346 3458 0
-3460 -3371 3464 0
-3460 -3365 3458 0
-3461 -3391 3465 0
-3461 -3390 3464 0
-3462 -3447 3466 0
-3464 -3480 3461 0
-3464 -3479 3460 0
-3465 -3499 3461 0
-3466 -3561 3468 0
-3466 -3555 3462 0
-3468 -3634 3470 0
-3468 -3630 3466 0
-3469 -3654 3471 0
-3469 -3653 3470 0
-3469 -3650 3467 0
-3470 -3703 3469 0
-3470 -3702 3468 0
-3471 -3722 3469 0
-3472 -2981 3473 0
-3473 -3039 3474 0
-3473 -3037 3472 0
-3474 -3097 3475 0
-3474 -3095 3473 0
-3475 -3194 3477 0
-3475 -3191 3474 0
-3476 -3214 3477 0
-3477 -3281 3479 0
-3477 -3280 3478 0
-3477 -3278 3476 0
-3477 -3277 3475 0
-3478 -3351 3482 0
-3478 -3346 3477 0
-3479 -3365 3477 0
-3481 -3447 3485 0
-3482 -3467 3486 0
-3482 -3459 3478 0
-3484 -3499 3480 0
-3485 -3561 3487 0
-3485 -3555 3481 0
-3486 -3581 3488 0
-3486 -3575 3482 0
-3487 -3634 3489 0
-3487 -3630 3485 0
-3488 -3654 3490 0
-3488 -3653 3489 0
-3488 -3650 3486 0
-3489 -3703 3488 0
-3489 -3702 3487 0
-3490 -3722 3488 0
-3491 -2981 3492 0
-3492 -3039 3493 0
-3492 -3037 3491 0
-3493 -3097 3494 0
-3493 -3095 3492 0
-3494 -3194 3496 0
-3494 -3191 3493 0
-3495 -3214 3496 0
-3496 -3281 3498 0
-3496 -3280 3497 0
-3496 -3278 3495 0
-3496 -3277 3494 0
-3497 -3351 3501 0
-3497 -3346 3496 0
-3498 -3371 3502 0
-3498 -3365 3496 0
-3499 -3390 3502 0
-3500 -3447 3504 0
-3501 -3467 3505 0
-3501 -3459 3497 0
-3502 -3480 3499 0
-3502 -3479 3498 0
-3504 -3561 3506 0
-3504 -3555 3500 0
-3505 -3581 3507 0
-3505 -3575 3501 0
-3506 -3634 3508 0
-3506 -3630 3504 0
-3507 -3654 3509 0
-3507 -3653 3508 0
-3507 -3650 3505 0
-3508 -3703 3507 0
-3508 -3702 3506 0
-3509 -3722 3507 0
-3510 -3296 3512 0
-3510 -3295 3511 0
-3511 -3398 3510 0
-3512 -3408 3510 0
-3514 -3526 3516 0
-3514 -3525 3515 0
-3514 -3522 3512 0
-3516 -3602 3518 0
-3516 -3598 3514 0
-3517 -3665 3519 0
-3517 -3661 3515 0
-3518 -3675 3519 0
-3518 -3672 3516 0
-3518 -3671 3515 0
-3519 -3734 3518 0
-3519 -3733 3517 0
-3520 -3296 3522 0
-3520 -3295 3521 0
-3521 -3401 3523 0
-3521 -3398 3520 0
-3522 -3411 3523 0
-3522 -3408 3520 0
-3523 -3515 3525 0
-3523 -3512 3522 0
-3523 -3511 3521 0
-3525 -3587 3523 0
-3527 -3665 3529 0
-3527 -3661 3525 0
-3528 -3675 3529 0
-3528 -3672 3526 0
-3528 -3671 3525 0
-3529 -3734 3528 0
-3529 -3733 3527 0
-3537 -3337 3538 0
-3538 -3431 3537 0
-3544 -3684 3545 0
-3544 -3682 3543 0
-3545 -3741 3544 0
-3546 -2981 3547 0
-3547 -3039 3548 0
-3547 -3037 3546 0
-3548 -3097 3549 0
-3548 -3095 3547 0
-3549 -3194 3551 0
-3549 -3191 3548 0
-3550 -3214 3551 0
-3551 -3281 3553 0
-3551 -3280 3552 0
-3551 -3278 3550 0
-3551 -3277 3549 0
-3552 -3351 3556 0
-3552 -3346 3551 0
-3553 -3371 3557 0
-3553 -3365 3551 0
-3554 -3391 3558 0
-3554 -3390 3557 0
-3556 -3467 3560 0
-3556 -3459 3552 0
-3557 -3480 3554 0
-3557 -3479 3553 0
-3558 -3499 3554 0
-3560 -3581 3562 0
-3560 -3575 3556 0
-3562 -3654 3564 0
-3562 -3653 3563 0
-3562 -3650 3560 0
-3563 -3703 3562 0
-3563 -3702 3561 0
-3564 -3722 3562 0
-3565 -2981 3566 0
-3566 -3039 3567 0
-3566 -3037 3565 0
-3567 -3097 3568 0
-3567 -3095 3566 0
-3568 -3194 3570 0
-3568 -3191 3567 0
-3569 -3214 3570 0
-3570 -3281 3572 0
-3570 -3280 3571 0
-3570 -3278 3569 0
-3570 -3277 3568 0
-3571 -3351 3575 0
-3571 -3346 3570 0
-3572 -3371 3576 0
-3572 -3365 3570 0
-3573 -3391 3577 0
-3573 -3390 3576 0
-3574 -3447 3578 0
-3575 -3459 3571 0
-3576 -3480 3573 0
-3576 -3479 3572 0
-3577 -3499 3573 0
-3578 -3561 3580 0
-3578 -3555 3574 0
-3580 -3634 3582 0
-3580 -3630 3578 0
-3582 -3703 3581 0
-3582 -3702 3580 0
-3583 -3722 3581 0
-3584 -3296 3586 0
-3584 -3295 3585 0
-3585 -3401 3587 0
-3585 -3398 3584 0
-3586 -3412 3588 0
-3586 -3411 3587 0
-3586 -3408 3584 0
-3587 -3512 3586 0
-3587 -3511 3585 0
-3588 -3522 3586 0
-3590 -3602 3592 0
-3590 -3598 3588 0
-3593 -3734 3592 0
-3593 -3733 3591 0
-3594 -3296 3596 0
-3594 -3295 3595 0
-3595 -3401 3597 0
-3595 -3398 3594 0
-3596 -3412 3598 0
-3596 -3411 3597 0
-3596 -3408 3594 0
-3597 -3515 3599 0
-3597 -3512 3596 0
-3597 -3511 3595 0
-3598 -3525 3599 0
-3598 -3522 3596 0
-3599 -3592 3602 0
-3599 -3591 3601 0
-3599 -3588 3598 0
-3599 -3587 3597 0
-3601 -3665 3603 0
-3601 -3661 3599 0
-3602 -3671 3599 0
-3603 -3734 3602 0
-3603 -3733 3601 0
-3606 -3429 3607 0
-3607 -3534 3606 0
-3614 -3741 3613 0
-3617 -2981 3618 0
-3618 -3039 3619 0
-3618 -3037 3617 0
-3619 -3097 3620 0
-3619 -3095 3618 0
-3620 -3194 3622 0
-3620 -3191 3619 0
-3621 -3214 3622 0
-3622 -3281 3624 0
-3622 -3280 3623 0
-3622 -3278 3621 0
-3622 -3277 3620 0
-3623 -3351 3627 0
-3623 -3346 3622 0
-3624 -3371 3628 0
-3624 -3365 3622 0
-3625 -3391 3629 0
-3625 -3390 3628 0
-3626 -3447 3630 0
-3627 -3467 3631 0
-3627 -3459 3623 0
-3628 -3480 3625 0
-3628 -3479 3624 0
-3629 -3499 3625 0
-3630 -3555 3626 0
-3631 -3581 3633 0
-3631 -3575 3627 0
-3633 -3654 3635 0
-3633 -3653 3634 0
-3633 -3650 3631 0
-3635 -3722 3633 0
-3636 -2981 3637 0
-3637 -3039 3638 0
-3637 -3037 3636 0
-3638 -3097 3639 0
-3638 -3095 3637 0
-3639 -3194 3641 0
-3639 -3191 3638 0
-3640 -3214 3641 0
-3641 -3281 3643 0
-3641 -3280 3642 0
-3641 -3278 3640 0
-3641 -3277 3639 0
-3642 -3351 3646 0
-3642 -3346 3641 0
-3643 -3371 3647 0
-3643 -3365 3641 0
-3644 -3391 3648 0
-3644 -3390 3647 0
-3645 -3447 3649 0
-3646 -3467 3650 0
-3646 -3459 3642 0
-3647 -3480 3644 0
-3647 -3479 3643 0
-3648 -3499 3644 0
-3649 -3561 3651 0
-3649 -3555 3645 0
-3650 -3575 3646 0
-3651 -3634 3653 0
-3651 -3630 3649 0
-3653 -3702 3651 0
-3656 -3296 3658 0
-3656 -3295 3657 0
-3657 -3401 3659 0
-3657 -3398 3656 0
-3658 -3412 3660 0
-3658 -3411 3659 0
-3658 -3408 3656 0
-3659 -3515 3661 0
-3659 -3512 3658 0
-3659 -3511 3657 0
-3660 -3526 3662 0
-3660 -3525 3661 0
-3660 -3522 3658 0
-3661 -3588 3660 0
-3661 -3587 3659 0
-3662 -3602 3664 0
-3662 -3598 3660 0
-3664 -3675 3665 0
-3664 -3672 3662 0
-3664 -3671 3661 0
-3666 -3296 3668 0
-3666 -3295 3667 0
-3667 -3401 3669 0
-3667 -3398 3666 0
-3668 -3412 3670 0
-3668 -3411 3669 0
-3668 -3408 3666 0
-3669 -3515 3671 0
-3669 -3512 3668 0
-3669 -3511 3667 0
-3670 -3526 3672 0
-3670 -3525 3671 0
-3670 -3522 3668 0
-3671 -3591 3673 0
-3671 -3588 3670 0
-3671 -3587 3669 0
-3672 -3598 3670 0
-3673 -3665 3675 0
-3673 -3661 3671 0
-3675 -3733 3673 0
-3681 -3543 3682 0
-3682 -3611 3681 0
-3687 -2981 3688 0
-3688 -3039 3689 0
-3688 -3037 3687 0
-3689 -3097 3690 0
-3689 -3095 3688 0
-3690 -3194 3692 0
-3690 -3191 3689 0
-3691 -3214 3692 0
-3692 -3281 3694 0
-3692 -3280 3693 0
-3692 -3278 3691 0
-3692 -3277 3690 0
-3693 -3351 3697 0
-3693 -3346 3692 0
-3694 -3371 3698 0
-3694 -3365 3692 0
-3695 -3391 3699 0
-3695 -3390 3698 0
-3696 -3447 3700 0
-3697 -3467 3701 0
-3697 -3459 3693 0
-3698 -3480 3695 0
-3698 -3479 3694 0
-3699 -3499 3695 0
-3700 -3561 3702 0
-3700 -3555 3696 0
-3701 -3581 3703 0
-3701 -3575 3697 0
-3702 -3630 3700 0
-3703 -3650 3701 0
-3705 -3722 3703 0
-3706 -2981 3707 0
-3707 -3039 3708 0
-3707 -3037 3706 0
-3708 -3097 3709 0
-3708 -3095 3707 0
-3709 -3194 3711 0
-3709 -3191 3708 0
-3710 -3214 3711 0
-3711 -3281 3713 0
-3711 -3280 3712 0
-3711 -3278 3710 0
-3711 -3277 3709 0
-3712 -3351 3716 0
-3712 -3346 3711 0
-3713 -3371 3717 0
-3713 -3365 3711 0
-3714 -3391 3718 0
-3714 -3390 3717 0
-3715 -3447 3719 0
-3716 -3467 3720 0
-3716 -3459 3712 0
-3717 -3480 3714 0
-3717 -3479 3713 0
-3718 -3499 3714 0
-3719 -3561 3721 0
-3719 -3555 3715 0
-3720 -3581 3722 0
-3720 -3575 3716 0
-3721 -3634 3723 0
-3721 -3630 3719 0
-3722 -3653 3723 0
-3722 -3650 3720 0
-3723 -3703 3722 0
-3723 -3702 3721 0
-3726 -3296 3728 0
-3726 -3295 3727 0
-3727 -3401 3729 0
-3727 -3398 3726 0
-3728 -3412 3730 0
-3728 -3411 3729 0
-3728 -3408 3726 0
-3729 -3515 3731 0
-3729 -3512 3728 0
-3729 -3511 3727 0
-3730 -3526 3732 0
-3730 -3525 3731 0
-3730 -3522 3728 0
-3731 -3592 3734 0
-3731 -3591 3733 0
-3731 -3588 3730 0
-3731 -3587 3729 0
-3732 -3602 3734 0
-3732 -3598 3730 0
-3733 -3661 3731 0
-3734 -3672 3732 0
-3734 -3671 3731 0
-3739 -3543 3740 0
-3740 -3613 3741 0
-3740 -3611 3739 0
-3741 -3682 3740 0
